256714620107
256714620111
256714620112
256714620114
256714620117
256714620121
256714620123
256714620128
256714620135
256714620143
256714620145
256714620146
256714620149
256714620150
256714620154
256714620160
256714620163
256714620166
256714620168
256714620176
256714620178
256714620182
256714620185
256714620186
256714620191
256714620192
256714620198
256714620201
256714620202
256714620203
256714620206
256714620207
256714620210
256714620212
256714620215
256714620217
256714620221
256714620230
256714620231
256714620240
256714620241
256714620242
256714620243
256714620252
256714620262
256714620264
256714620266
256714620267
256714620268
256714620269
256714620272
256714620273
256714620274
256714620276
256714620281
256714620282
256714620283
256714620284
256714620285
256714620287
256714620292
256714620295
256714620299
256714620303
256714620304
256714620306
256714620307
256714620309
256714620314
256714620320
256714620326
256714620328
256714620329
256714620330
256714620335
256714620336
256714620338
256714620346
256714620355
256714620356
256714620363
256714620368
256714620373
256714620376
256714620378
256714620382
256714620385
256714620390
256714620403
256714620406
256714620407
256714620409
256714620416
256714620420
256714620422
256714620423
256714620431
256714620433
256714620434
256714620436
256714620438
256714620443
256714620444
256714620445
256714620446
256714620447
256714620448
256714620449
256714620450
256714620452
256714620455
256714620459
256714620468
256714620473
256714620478
256714620479
256714620480
256714620486
256714620488
256714620490
256714620492
256714620493
256714620495
256714620497
256714620498
256714620502
256714620504
256714620509
256714620512
256714620517
256714620519
256714620523
256714620526
256714620527
256714620528
256714620531
256714620536
256714620538
256714620539
256714620545
256714620552
256714620553
256714620557
256714620558
256714620562
256714620565
256714620567
256714620571
256714620574
256714620581
256714620583
256714620585
256714620586
256714620588
256714620593
256714620599
256714620606
256714620608
256714620609
256714620613
256714620621
256714620624
256714620629
256714620633
256714620634
256714620635
256714620639
256714620641
256714620642
256714620647
256714620649
256714620652
256714620661
256714620663
256714620667
256714620669
256714620684
256714620689
256714620694
256714620701
256714620704
256714620706
256714620711
256714620715
256714620716
256714620722
256714620725
256714620726
256714620727
256714620730
256714620732
256714620734
256714620736
256714620746
256714620747
256714620748
256714620751
256714620753
256714620754
256714620757
256714620771
256714620776
256714620779
256714620782
256714620785
256714620786
256714620791
256714620793
256714620794
256714620802
256714620809
256714620810
256714620813
256714620815
256714620816
256714620822
256714620825
256714620826
256714620831
256714620833
256714620834
256714620838
256714620839
256714620840
256714620845
256714620849
256714620851
256714620853
256714620856
256714620858
256714620861
256714620865
256714620868
256714620871
256714620873
256714620874
256714620875
256714620877
256714620878
256714620884
256714620886
256714620889
256714620893
256714620894
256714620903
256714620905
256714620906
256714620908
256714620909
256714620912
256714620915
256714620916
256714620917
256714620921
256714620929
256714620932
256714620936
256714620939
256714620942
256714620945
256714620954
256714620955
256714620958
256714620960
256714620966
256714620967
256714620968
256714620969
256714620973
256714620977
256714620981
256714620982
256714620985
256714620987
256714620993
256714620997
256714620998
256714620999
256714621000
256714621009
256714621014
256714621018
256714621020
256714621021
256714621023
256714621028
256714621029
256714621030
256714621031
256714621035
256714621038
256714621040
256714621049
256714621051
256714621056
256714621057
256714621058
256714621060
256714621062
256714621067
256714621081
256714621082
256714621091
256714621093
256714621094
256714621098
256714621100
256714621103
256714621112
256714621114
256714621115
256714621119
256714621120
256714621121
256714621123
256714621124
256714621125
256714621130
256714621131
256714621136
256714621141
256714621142
256714621148
256714621150
256714621153
256714621154
256714621158
256714621160
256714621163
256714621164
256714621165
256714621166
256714621168
256714621172
256714621179
256714621181
256714621183
256714621184
256714621185
256714621188
256714621202
256714621203
256714621205
256714621219
256714621220
256714621223
256714621226
256714621227
256714621230
256714621231
256714621232
256714621237
256714621239
256714621242
256714621243
256714621244
256714621246
256714621259
256714621261
256714621263
256714621264
256714621265
256714621269
256714621271
256714621273
256714621279
256714621281
256714621287
256714621289
256714621291
256714621298
256714621300
256714621301
256714621302
256714621304
256714621306
256714621308
256714621310
256714621329
256714621341
256714621348
256714621356
256714621359
256714621360
256714621363
256714621364
256714621366
256714621368
256714621370
256714621371
256714621375
256714621382
256714621391
256714621392
256714621393
256714621395
256714621398
256714621399
256714621400
256714621404
256714621409
256714621412
256714621413
256714621416
256714621417
256714621418
256714621422
256714621425
256714621427
256714621439
256714621440
256714621442
256714621443
256714621445
256714621446
256714621459
256714621464
256714621467
256714621474
256714621475
256714621476
256714621482
256714621487
256714621489
256714621491
256714621493
256714621497
256714621501
256714621502
256714621506
256714621507
256714621508
256714621516
256714621517
256714621518
256714621519
256714621526
256714621527
256714621528
256714621543
256714621545
256714621549
256714621552
256714621556
256714621559
256714621565
256714621569
256714621570
256714621571
256714621572
256714621574
256714621575
256714621585
256714621588
256714621595
256714621597
256714621609
256714621613
256714621615
256714621616
256714621617
256714621619
256714621621
256714621622
256714621625
256714621626
256714621627
256714621631
256714621632
256714621635
256714621637
256714621639
256714621642
256714621643
256714621647
256714621651
256714621652
256714621656
256714621661
256714621664
256714621669
256714621670
256714621674
256714621675
256714621676
256714621682
256714621683
256714621686
256714621688
256714621690
256714621693
256714621694
256714621698
256714621699
256714621702
256714621709
256714621710
256714621713
256714621719
256714621725