989118342877
989118342878
989118342879
989118342880
989118342881
989118342882
989118342883
989118342884
989118342885
989118342886
989118342887
989118342888
989118342889
989118342890
989118342891
989118342892
989118342893
989118342894
989118342895
989118342896
989118342897
989118342898
989118342899
989118342900
989118342901
989118342902
989118342903
989118342904
989118342905
989118342906
989118342907
989118342908
989118342909
989118342910
989118342911
989118342912
989118342913
989118342914
989118342915
989118342916
989118342917
989118342918
989118342919
989118342920
989118342921
989118342922
989118342923
989118342924
989118342925
989118342926
989118342927
989118342928
989118342929
989118342930
989118342931
989118342932
989118342933
989118342934
989118342935
989118342936
989118342937
989118342938
989118342939
989118342940
989118342941
989118342942
989118342943
989118342944
989118342945
989118342946
989118342947
989118342948
989118342949
989118342950
989118342951
989118342952
989118342953
989118342954
989118342955
989118342956
989118342957
989118342958
989118342959
989118342960
989118342961
989118342962
989118342963
989118342964
989118342965
989118342966
989118342967
989118342968
989118342969
989118342970
989118342971
989118342972
989118342973
989118342974
989118342975
989118342976
989118342977
989118342978
989118342979
989118342980
989118342981
989118342982
989118342983
989118342984
989118342985
989118342986
989118342987
989118342988
989118342989
989118342990
989118342991
989118342992
989118342993
989118342994
989118342995
989118342996
989118342997
989118342998
989118342999
989118343000
989118343001
989118343002
989118343003
989118343004
989118343005
989118343006
989118343007
989118343008
989118343009
989118343010
989118343011
989118343012
989118343013
989118343014
989118343015
989118343016
989118343017
989118343018
989118343019
989118343020
989118343021
989118343022
989118343023
989118343024
989118343025
989118343026
989118343027
989118343028
989118343029
989118343030
989118343031
989118343032
989118343033
989118343034
989118343035
989118343036
989118343037
989118343038
989118343039
989118343040
989118343041
989118343042
989118343043
989118343044
989118343045
989118343046
989118343047
989118343048
989118343049
989118343050
989118343051
989118343052
989118343053
989118343054
989118343055
989118343056
989118343057
989118343058
989118343059
989118343060
989118343061
989118343062
989118343063
989118343064
989118343065
989118343066
989118343067
989118343068
989118343069
989118343070
989118343071
989118343072
989118343073
989118343074
989118343075
989118343076
989118343077
989118343078
989118343079
989118343080
989118343081
989118343082
989118343083
989118343084
989118343085
989118343086
989118343087
989118343088
989118343089
989118343090
989118343091
989118343092
989118343093
989118343094
989118343095
989118343096
989118343097
989118343098
989118343099
989118343100
989118343101
989118343102
989118343103
989118343104
989118343105
989118343106
989118343107
989118343108
989118343109
989118343110
989118343111
989118343112
989118343113
989118343114
989118343115
989118343116
989118343117
989118343118
989118343119
989118343120
989118343121
989118343122
989118343123
989118343124
989118343125
989118343126
989118343127
989118343128
989118343129
989118343130
989118343131
989118343132
989118343133
989118343134
989118343135
989118343136
989118343137
989118343138
989118343139
989118343140
989118343141
989118343142
989118343143
989118343144
989118343145
989118343146
989118343147
989118343148
989118343149
989118343150
989118343151
989118343152
989118343153
989118343154
989118343155
989118343156
989118343157
989118343158
989118343159
989118343160
989118343161
989118343162
989118343163
989118343164
989118343165
989118343166
989118343167
989118343168
989118343169
989118343170
989118343171
989118343172
989118343173
989118343174
989118343175
989118343176
989118343177
989118343178
989118343179
989118343180
989118343181
989118343182
989118343183
989118343184
989118343185
989118343186
989118343187
989118343188
989118343189
989118343190
989118343191
989118343192
989118343193
989118343194
989118343195
989118343196
989118343197
989118343198
989118343199
989118343201
989118343202
989118343203
989118343204
989118343205
989118343206
989118343207
989118343208
989118343209
989118343210
989118343211
989118343212
989118343213
989118343214
989118343215
989118343216
989118343217
989118343218
989118343219
989118343220
989118343221
989118343222
989118343223
989118343224
989118343225
989118343226
989118343227
989118343228
989118343229
989118343230
989118343231
989118343232
989118343233
989118343234
989118343235
989118343236
989118343237
989118343238
989118343239
989118343240
989118343241
989118343242
989118343243
989118343244
989118343245
989118343246
989118343247
989118343248
989118343249
989118343250
989118343251
989118343252
989118343253
989118343254
989118343255
989118343256
989118343257
989118343258
989118343259
989118343260
989118343261
989118343262
989118343263
989118343264
989118343265
989118343266
989118343267
989118343268
989118343269
989118343270
989118343271
989118343272
989118343273
989118343274
989118343275
989118343276
989118343277
989118343278
989118343279
989118343280
989118343281
989118343282
989118343283
989118343284
989118343285
989118343286
989118343287
989118343288
989118343289
989118343290
989118343291
989118343292
989118343293
989118343294
989118343295
989118343296
989118343297
989118343298
989118343299
989118343300
989118343301
989118343302
989118343303
989118343304
989118343305
989118343306
989118343307
989118343308
989118343309
989118343310
989118343311
989118343312
989118343313
989118343314
989118343315
989118343316
989118343317
989118343318
989118343319
989118343320
989118343321
989118343322
989118343323
989118343324
989118343325
989118343326
989118343327
989118343328
989118343329
989118343330
989118343331
989118343332
989118343333
989118343334
989118343335
989118343336
989118343337
989118343338
989118343339
989118343340
989118343341
989118343342
989118343343
989118343344
989118343345
989118343346
989118343347
989118343348
989118343349
989118343350
989118343351
989118343352
989118343353
989118343354
989118343355
989118343356
989118343357
989118343358
989118343359
989118343360
989118343361
989118343362
989118343363
989118343364
989118343365
989118343366
989118343367
989118343368
989118343369
989118343370
989118343371
989118343372
989118343373
989118343374
989118343375
989118343376
989118343377
989118343378
989118343379
989118343380
989118343381
989118343382
989118343383
989118343384
989118343385
989118343386
989118343387
989118343388
989118343389
989118343390
989118343391
989118343392
989118343393
989118343394
989118343395
989118343396
989118343397
989118343398
989118343399
989118343400
989118343401
989118343402
989118343403
989118343404
989118343405
989118343406
989118343407
989118343408
989118343409
989118343410
989118343411
989118343412
989118343413
989118343414
989118343415
989118343416
989118343417
989118343418
989118343419
989118343420
989118343421
989118343422
989118343423
989118343424
989118343425
989118343426
989118343427
989118343428
989118343429
989118343430
989118343431
989118343432
989118343433
989118343434
989118343435
989118343436
989118343437
989118343438
989118343439
989118343440
989118343441
989118343442
989118343443
989118343444
989118343445
989118343446
989118343447
989118343448
989118343449
989118343450
989118343451
989118343452
989118343453
989118343454
989118343455
989118343456
989118343457
989118343458
989118343459
989118343460
989118343461
989118343462
989118343463
989118343464
989118343465
989118343466
989118343467
989118343468
989118343469
989118343470
989118343471
989118343472
989118343473
989118343474
989118343475
989118343476
989118343477
989118343478
989118343479
989118343480
989118343481
989118343482
989118343483
989118343484
989118343485
989118343486
989118343487
989118343488
989118343489
989118343490
989118343491
989118343492
989118343493
989118343494
989118343495
989118343496
989118343497
989118343498
989118343499
989118343500
989118343501
989118343502
989118343503
989118343504
989118343505
989118343506
989118343507
989118343508
989118343509
989118343510
989118343511
989118343512
989118343513
989118343514
989118343515
989118343516
989118343517
989118343518
989118343519
989118343520
989118343521
989118343522
989118343523
989118343524
989118343525
989118343526
989118343527
989118343528
989118343529
989118343530
989118343531
989118343532
989118343533
989118343534
989118343535
989118343536
989118343537
989118343538
989118343539
989118343540
989118343541
989118343542
989118343543
989118343544
989118343545
989118343546
989118343547
989118343548
989118343549
989118343550
989118343551
989118343552
989118343553
989118343554
989118343555
989118343556
989118343557
989118343558
989118343559
989118343560
989118343561
989118343562
989118343563
989118343564
989118343565
989118343566
989118343567
989118343568
989118343569
989118343570
989118343571
989118343572
989118343573
989118343574
989118343575
989118343576
989118343577
989118343578
989118343579
989118343580
989118343581
989118343582
989118343583
989118343584
989118343585
989118343586
989118343587
989118343588
989118343589
989118343590
989118343591
989118343592
989118343593
989118343594
989118343595
989118343596
989118343597
989118343598
989118343599
989118343600
989118343601
989118343602
989118343603
989118343604
989118343605
989118343606
989118343607
989118343608
989118343609
989118343610
989118343611
989118343612
989118343613
989118343614
989118343615
989118343616
989118343617
989118343618
989118343619
989118343620
989118343621
989118343622
989118343623
989118343624
989118343625
989118343626
989118343627
989118343628
989118343629
989118343630
989118343631
989118343632
989118343633
989118343634
989118343635
989118343636
989118343637
989118343638
989118343639
989118343640
989118343641
989118343642
989118343643
989118343644
989118343645
989118343646
989118343647
989118343648
989118343649
989118343650
989118343651
989118343652
989118343653
989118343654
989118343655
989118343656
989118343657
989118343658
989118343659
989118343660
989118343661
989118343662
989118343663
989118343664
989118343665
989118343666
989118343667
989118343668
989118343669
989118343670
989118343671
989118343672
989118343673
989118343674
989118343675
989118343676
989118343677
989118343678
989118343679
989118343680
989118343681
989118343682
989118343683
989118343684
989118343685
989118343686
989118343687
989118343688
989118343689
989118343690
989118343691
989118343692
989118343693
989118343694
989118343695
989118343696
989118343697
989118343698
989118343699
989118343700
989118343701
989118343702
989118343703
989118343704
989118343705
989118343706
989118343707
989118343708
989118343709
989118343710
989118343711
989118343712
989118343713
989118343714
989118343715
989118343716
989118343717
989118343718
989118343719
989118343720
989118343721
989118343722
989118343723
989118343724
989118343725
989118343726
989118343727
989118343728
989118343729
989118343730
989118343731
989118343732
989118343733
989118343734
989118343735
989118343736
989118343737
989118343738
989118343739
989118343740
989118343741
989118343742
989118343743
989118343744
989118343745
989118343746
989118343747
989118343748
989118343749
989118343750
989118343751
989118343752
989118343753
989118343754
989118343755
989118343756
989118343757
989118343758
989118343759
989118343760
989118343761
989118343762
989118343763
989118343764
989118343765
989118343766
989118343767
989118343768
989118343769
989118343770
989118343771
989118343772
989118343773
989118343774
989118343775
989118343776
989118343777
989118343778
989118343779
989118343780
989118343781
989118343782
989118343783
989118343784
989118343785
989118343786
989118343787
989118343788
989118343789
989118343790
989118343791
989118343792
989118343793
989118343794
989118343795
989118343796
989118343797
989118343798
989118343799
989118343800
989118343801
989118343802
989118343803
989118343804
989118343805
989118343806
989118343807
989118343808
989118343809
989118343810
989118343811
989118343812
989118343813
989118343814
989118343815
989118343816
989118343817
989118343818
989118343819
989118343820
989118343821
989118343822
989118343823
989118343824
989118343825
989118343826
989118343827
989118343828
989118343829
989118343830
989118343831
989118343832
989118343833
989118343834
989118343835
989118343836
989118343837
989118343838
989118343839
989118343840
989118343841
989118343842
989118343843
989118343844
989118343845
989118343846
989118343847
989118343849
989118343850
989118343851
989118343852
989118343853
989118343854
989118343855
989118343856
989118343857
989118343858
989118343859
989118343860
989118343861
989118343862
989118343863
989118343864
989118343865
989118343866
989118343867
989118343868
989118343869
989118343870
989118343871
989118343872
989118343873
989118302996
989118302997
989118302998
989118302999
989118303000
989118303001
989118303002
989118303003
989118303004
989118303005
989118303006
989118303007
989118303008
989118303009
989118303010
989118303011
989118303012
989118303013
989118303014
989118303015
989118303016
989118303017
989118303018
989118303019
989118303020
989118303021
989118303022
989118303023
989118303024
989118303025
989118303026
989118303027
989118303028
989118303029
989118303030
989118303031
989118303032
989118303033
989118303034
989118303035
989118303036
989118303037
989118303038
989118303039
989118303040
989118303041
989118303042
989118303043
989118303044
989118303045
989118303046
989118303047
989118303048
989118303049
989118303050
989118303051
989118303052
989118303053
989118303054
989118303055
989118303056
989118303057
989118303058
989118303059
989118303060
989118303061
989118303062
989118303063
989118303064
989118303065
989118303066
989118303067
989118303068
989118303069
989118303070
989118303071
989118303072
989118303073
989118303074
989118303075
989118303076
989118303077
989118303078
989118303079
989118303080
989118303081
989118303082
989118303083
989118303084
989118303085
989118303086
989118303087
989118303088
989118303089
989118303090
989118303091
989118303092
989118303093
989118303094
989118303095
989118303096
989118303097
989118303098
989118303099
989118303100
989118303101
989118303102
989118303103
989118303104
989118303105
989118303106
989118303107
989118303108
989118303109
989118303110
989118303111
989118303112
989118303113
989118303114
989118303115
989118303116
989118303117
989118303118
989118303119
989118303120
989118303121
989118303122
989118303123
989118303124
989118303125
989118303126
989118303127
989118303128
989118303129
989118303130
989118303131
989118303132
989118303133
989118303134
989118303135
989118303136
989118303137
989118303138
989118303139
989118303140
989118303141
989118303142
989118303143
989118303144
989118303145
989118303146
989118303147
989118303148
989118303149
989118303150
989118303151
989118303152
989118303153
989118303154
989118303155
989118303156
989118303157
989118303158
989118303159
989118303160
989118303161
989118303162
989118303163
989118303164
989118303165
989118303166
989118303167
989118303168
989118303169
989118303171
989118303172
989118303173
989118303174
989118303175
989118303176
989118303177
989118303178
989118303179
989118303180
989118303181
989118303182
989118303183
989118303184
989118303185
989118303186
989118303187
989118303188
989118303189
989118303190
989118303191
989118303192
989118303193
989118303194
989118303195
989118303196
989118303197
989118303198
989118303199
989118303200
989118303201
989118303202
989118303203
989118303204
989118303205
989118303206
989118303207
989118303208
989118303209
989118303210
989118303211
989118303212
989118303213
989118303214
989118303215
989118303216
989118303217
989118303218
989118303219
989118303220
989118303221
989118303222
989118303223
989118303224
989118303225
989118303226
989118303227
989118303228
989118303229
989118303230
989118303231
989118303232
989118303233
989118303234
989118303235
989118303236
989118303237
989118303238
989118303239
989118303240
989118303241
989118303242
989118303243
989118303244
989118303245
989118303246
989118303247
989118303248
989118303249
989118303250
989118303251
989118303252
989118303253
989118303254
989118303255
989118303256
989118303257
989118303258
989118303259
989118303260
989118303261
989118303262
989118303263
989118303264
989118303265
989118303266
989118303267
989118303268
989118303269
989118303270
989118303271
989118303272
989118303273
989118303274
989118303275
989118303276
989118303277
989118303278
989118303279
989118303280
989118303281
989118303282
989118303283
989118303284
989118303285
989118303286
989118303287
989118303288
989118303289
989118303290
989118303291
989118303292
989118303293
989118303294
989118303295
989118303296
989118303297
989118303298
989118303299
989118303300
989118303301
989118303302
989118303303
989118303304
989118303305
989118303306
989118303307
989118303308
989118303309
989118303310
989118303311
989118303312
989118303313
989118303314
989118303315
989118303316
989118303317
989118303318
989118303319
989118303320
989118303321
989118303322
989118303323
989118303324
989118303325
989118303326
989118303327
989118303328
989118303329
989118303330
989118303331
989118303332
989118303333
989118303334
989118303335
989118303336
989118303337
989118303338
989118303339
989118303340
989118303341
989118303342
989118303343
989118303344
989118303345
989118303346
989118303347
989118303348
989118303349
989118303350
989118303351
989118303352
989118303353
989118303354
989118303355
989118303356
989118303357
989118303358
989118303359
989118303360
989118303361
989118303362
989118303363
989118303364
989118303365
989118303366
989118303367
989118303368
989118303369
989118303370
989118303371
989118303372
989118303373
989118303374
989118303375
989118303376
989118303377
989118303378
989118303379
989118303380
989118303381
989118303382
989118303383
989118303384
989118303385
989118303386
989118303387
989118303388
989118303389
989118303390
989118303391
989118303392
989118303393
989118303394
989118303395
989118303396
989118303397
989118303398
989118303399
989118303400
989118303401
989118303402
989118303403
989118303404
989118303405
989118303406
989118303407
989118303408
989118303409
989118303410
989118303411
989118303412
989118303413
989118303414
989118303415
989118303416
989118303417
989118303418
989118303419
989118303420
989118303421
989118303422
989118303423
989118303424
989118303425
989118303426
989118303427
989118303428
989118303429
989118303430
989118303431
989118303432
989118303433
989118303434
989118303435
989118303436
989118303437
989118303438
989118303439
989118303440
989118303441
989118303442
989118303443
989118303444
989118303445
989118303446
989118303447
989118303448
989118303449
989118303450
989118303451
989118303452
989118303453
989118303454
989118303455
989118303456
989118303457
989118303458
989118303459
989118303460
989118303461
989118303462
989118303463
989118303464
989118303465
989118303466
989118303467
989118303468
989118303469
989118303470
989118303471
989118303472
989118303473
989118303474
989118303475
989118303476
989118303477
989118303478
989118303479
989118303480
989118303481
989118303482
989118303483
989118303484
989118303485
989118303486
989118303487
989118303488
989118303489
989118303490
989118303491
989118303492
989118303493
989118303494
989118303495
989118303496
989118303497
989118303498
989118303499
989118303500
989118303501
989118303502
989118303503
989118303504
989118303505
989118303506
989118303507
989118303508
989118303509
989118303510
989118303511
989118303512
989118303513
989118303514
989118303515
989118303516
989118303517
989118303518
989118303519
989118303520
989118303521
989118303522
989118303523
989118303524
989118303525
989118303526
989118303527
989118303528
989118303529
989118303530
989118303531
989118303532
989118303533
989118303534
989118303535
989118303536
989118303537
989118303538
989118303539
989118303540
989118303541
989118303542
989118303543
989118303544
989118303545
989118303546
989118303547
989118303548
989118303549
989118303550
989118303551
989118303552
989118303553
989118303554
989118303555
989118303556
989118303557
989118303558
989118303559
989118303560
989118303561
989118303562
989118303563
989118303564
989118303565
989118303566
989118303567
989118303568
989118303569
989118303570
989118303571
989118303572
989118303573
989118303574
989118303575
989118303576
989118303577
989118303578
989118303579
989118303580
989118303581
989118303582
989118303583
989118303584
989118303585
989118303586
989118303587
989118303588
989118303589
989118303590
989118303591
989118303592
989118303593
989118303594
989118303595
989118303596
989118303597
989118303598
989118303599
989118303600
989118303601
989118303602
989118303603
989118303604
989118303605
989118303606
989118303607
989118303608
989118303609
989118303610
989118303611
989118303612
989118303613
989118303614
989118303615
989118303616
989118303617
989118303618
989118303619
989118303620
989118303621
989118303622
989118303623
989118303624
989118303625
989118303626
989118303627
989118303628
989118303629
989118303630
989118303631
989118303632
989118303633
989118303634
989118303635
989118303636
989118303637
989118303638
989118303639
989118303640
989118303641
989118303642
989118303643
989118303644
989118303645
989118303646
989118303647
989118303648
989118303649
989118303650
989118303651
989118303652
989118303653
989118303654
989118303655
989118303656
989118303657
989118303658
989118303659
989118303660
989118303661
989118303662
989118303663
989118303664
989118303665
989118303666
989118303667
989118303668
989118303669
989118303670
989118303671
989118303672
989118303673
989118303674
989118303675
989118303676
989118303677
989118303678
989118303679
989118303680
989118303681
989118303682
989118303683
989118303684
989118303685
989118303686
989118303687
989118303688
989118303689
989118303690
989118303691
989118303692
989118303693
989118303694
989118303695
989118303696
989118303697
989118303698
989118303699
989118303700
989118303701
989118303702
989118303703
989118303704
989118303705
989118303706
989118303707
989118303708
989118303709
989118303710
989118303711
989118303712
989118303713
989118303714
989118303715
989118303716
989118303717
989118303718
989118303719
989118303720
989118303721
989118303722
989118303723
989118303724
989118303725
989118303726
989118303727
989118303728
989118303729
989118303730
989118303731
989118303732
989118303733
989118303734
989118303735
989118303736
989118303737
989118303738
989118303739
989118303740
989118303741
989118303742
989118303743
989118303744
989118303745
989118303746
989118303747
989118303748
989118303749
989118303750
989118303751
989118303752
989118303753
989118303754
989118303755
989118303756
989118303757
989118303758
989118303759
989118303760
989118303761
989118303762
989118303763
989118303764
989118303765
989118303766
989118303767
989118303768
989118303769
989118303770
989118303771
989118303772
989118303773
989118303774
989118303775
989118303776
989118303777
989118303778
989118303779
989118303780
989118303781
989118303782
989118303783
989118303784
989118303785
989118303786
989118303787
989118303788
989118303789
989118303790
989118303791
989118303792
989118303793
989118303794
989118303795
989118303796
989118303797
989118303798
989118303799
989118303800
989118303801
989118303802
989118303803
989118303804
989118303805
989118303806
989118303807
989118303808
989118303809
989118303810
989118303811
989118303812
989118303813
989118303814
989118303815
989118303816
989118303817
989118303818
989118303819
989118303820
989118303821
989118303822
989118303823
989118303824
989118303825
989118303826
989118303827
989118303828
989118303829
989118303830
989118303831
989118303832
989118303833
989118303834
989118303835
989118303836
989118303837
989118303838
989118303839
989118303840
989118303842
989118303843
989118303844
989118303845
989118303846
989118303847
989118303848
989118303849
989118303850
989118303851
989118303852
989118303853
989118303854
989118303855
989118303856
989118303857
989118303858
989118303859
989118303860
989118303861
989118303862
989118303863
989118303864
989118303865
989118303866
989118303867
989118303868
989118303869
989118303870
989118303871
989118303872
989118303873
989118303874
989118303875
989118303876
989118303877
989118303878
989118303879
989118303880
989118303881
989118303882
989118303883
989118303884
989118303885
989118303886
989118303887
989118303888
989118303889
989118303890
989118303891
989118303892
989118303893
989118303894
989118303895
989118303896
989118303897
989118303898
989118303899
989118303900
989118303901
989118303902
989118303903
989118303904
989118303905
989118303906
989118303907
989118303908
989118303909
989118303910
989118303911
989118303912
989118303913
989118303914
989118303915
989118303916
989118303917
989118303918
989118303919
989118303920
989118303921
989118303922
989118303923
989118303924
989118303925
989118303926
989118303927
989118303928
989118303929
989118303930
989118303931
989118303932
989118303933
989118303934
989118303935
989118303936
989118303937
989118303938
989118303939
989118303940
989118303941
989118303942
989118303943
989118303944
989118303945
989118303946
989118303947
989118303948
989118303949
989118303950
989118303951
989118303952
989118303953
989118303954
989118303955
989118303956
989118303957
989118303958
989118303959
989118303960
989118303961
989118303962
989118303963
989118303964
989118303965
989118303966
989118303967
989118303968
989118303969
989118303970
989118303971
989118303972
989118303973
989118303974
989118303975
989118303976
989118303977
989118303978
989118303979
989118303980
989118303981
989118303982
989118303983
989118303984
989118303985
989118303986
989118303987
989118303988
989118303989
989118303990
989118303991
989118303992
989179412844
989179412845
989179412846
989179412847
989179412848
989179412849
989179412850
989179412851
989179412853
989179412855
989179412856
989179412858
989179412859
989179412863
989179412866
989179412868
989179412875
989179412876
989179412877
989179412878
989179412880
989179412882
989179412883
989179412884
989179412885
989179412886
989179412887
989179412888
989179412889
989179412890
989179412891
989179412892
989179412893
989179412895
989179412896
989179412897
989179412898
989179412900
989179412902
989179412903
989179412904
989179412906
989179412908
989179412912
989179412913
989179412914
989179412915
989179412920
989179412921
989179412923
989179412924
989179412927
989179412928
989179412929
989179412930
989179412933
989179412934
989179412937
989179412938
989179412939
989179412940
989179412943
989179412944
989179412945
989179412946
989179412951
989179412952
989179412953
989179412957
989179412958
989179412960
989179412961
989179412964
989179412965
989179412968
989179412969
989179412970
989179412971
989179412972
989179412974
989179412975
989179412976
989179412977
989179412979
989179412980
989179412983
989179412987
989179412988
989179412989
989179412990
989179412994
989179412997
989179413000
989179413002
989179413003
989179413005
989179413006
989179413007
989179413011
989179413013
989179413016
989179413018
989179413021
989179413022
989179413023
989179413024
989179413025
989179413026
989179413027
989179413028
989179413029
989179413033
989179413035
989179413036
989179413039
989179413040
989179413041
989179413042
989179413043
989179413048
989179413056
989179413058
989179413059
989179413060
989179413061
989179413065
989179413069
989179413071
989179413072
989179413073
989179413081
989179413082
989179413083
989179413084
989179413085
989179413086
989179413087
989179413089
989179413090
989179413091
989179413092
989179413094
989179413096
989179413097
989179413098
989179413099
989179413100
989179413101
989179413103
989179413105
989179413106
989179413107
989179413110
989179413111
989179413112
989179413119
989179413123
989179413125
989179413126
989179413127
989179413128
989179413129
989179413131
989179413133
989179413134
989179413135
989179413136
989179413137
989179413139
989179413140
989179413141
989179413143
989179413144
989179413145
989179413146
989179413148
989179413151
989179413154
989179413155
989179413156
989179413158
989179413159
989179413161
989179413165
989179413168
989179413172
989179413173
989179413175
989179413176
989179413177
989179413178
989179413179
989179413180
989179413181
989179413182
989179413187
989179413188
989179413191
989179413192
989179413194
989179413195
989179413196
989179413198
989179413200
989179413202
989179413203
989179413205
989179413206
989179413208
989179413211
989179413213
989179413219
989179413220
989179413223
989179413227
989179413232
989179413233
989179413236
989179413238
989179413241
989179413242
989179413244
989179413245
989179413248
989179413249
989179413252
989179413253
989179413254
989179413257
989179413259
989179413260
989179413261
989179413262
989179413264
989179413269
989179413271
989179413273
989179413274
989179413275
989179413276
989179413280
989179413281
989179413283
989179413284
989179413285
989179413286
989179413290
989179413291
989179413293
989179413294
989179413295
989179413297
989179413299
989179413300
989179413302
989179413303
989179413306
989179413307
989179413308
989179413309
989179413313
989179413315
989179413317
989179413318
989179413319
989179413320
989179413322
989179413323
989179413324
989179413325
989179413332
989179413333
989179413334
989179413335
989179413338
989179413342
989179413343
989179413348
989179413353
989179413354
989179413355
989179413356
989179413358
989179413359
989179413360
989179413363
989179413368
989179413369
989179413370
989179413371
989179413374
989179413381
989179413382
989179413387
989179413389
989179413392
989179413394
989179413395
989179413397
989179413398
989179413399
989179413401
989179413402
989179413404
989179413405
989179413406
989179413408
989179413409
989179413410
989179413411
989179413412
989179413413
989179413414
989179413415
989179413416
989179413418
989179413420
989179413421
989179413422
989179413424
989179413426
989179413427
989179413428
989179413429
989179413430
989179413432
989179413435
989179413436
989179413437
989179413439
989179413441
989179413442
989179413443
989179413446
989179413447
989179413448
989179413449
989179413451
989179413452
989179413453
989179413455
989179413456
989179413457
989179413458
989179413460
989179413462
989179413463
989179413466
989179413467
989179413468
989179413471
989179413472
989179413473
989179413475
989179413476
989179413477
989179413478
989179413479
989179413480
989179413481
989179413482
989179413483
989179413484
989179413486
989179413487
989179413488
989179413490
989179413491
989179413493
989179413494
989179413496
989179413498
989179413499
989179413500
989179413503
989179413505
989179413506
989179413507
989179413509
989179413510
989179413512
989179413515
989179413517
989179413518
989179413519
989179413525
989179413526
989179413528
989179413535
989179413536
989179413538
989179413539
989179413540
989179413542
989179413548
989179413549
989179413550
989179413554
989179413558
989179413559
989179413561
989179413562
989179413563
989179413568
989179413569
989179413571
989179413572
989179413576
989179413578
989179413579
989179413580
989179413583
989179413584
989179413585
989179413588
989179413589
989179413591
989179413592
989179413594
989179413595
989179413596
989179413597
989179413599
989179413600
989179413601
989179413606
989179413607
989179413611
989179413613
989179413616
989179413617
989179413618
989179413620
989179413621
989179413622
989179413623
989179413624
989179413625
989179413626
989179413627
989179413630
989179413631
989179413632
989179413633
989179413634
989179413635
989179413636
989179413637
989179413639
989179413640
989179413641
989179413645
989179413646
989179413647
989179413648
989179413650
989179413651
989179413652
989179413653
989179413655
989179413656
989179413657
989179413658
989179413659
989179413660
989179413661
989179413664
989179413665
989179413666
989179413667
989179413668
989179413669
989179413671
989179413672
989179413676
989179413677
989179413678
989179413679
989179413680
989179413681
989179413687
989179413688
989179413689
989179413690
989179413692
989179413693
989179413695
989179413700
989179413701
989179413703
989179413705
989179413706
989179413707
989179413708
989179413709
989179413710
989179413718
989179413719
989179413720
989179413721
989179413722
989179413724
989179413725
989179413726
989179413727
989179413728
989179413729
989179413733
989179413734
989179413741
989179413743
989179413747
989179413748
989179413749
989179413752
989179413754
989179413755
989179413756
989179413757
989179413760
989179413761
989179413762
989179413763
989179413765
989179413766
989179413768
989179413774
989179413775
989179413776
989179413777
989179413779
989179413780
989179413781
989179413782
989179413787
989179413791
989179413792
989179413793
989179413795
989179413796
989179413798
989179413800
989179413802
989179413803
989179413804
989179413806
989179413807
989179413808
989179413809
989179413810
989179413815
989179413816
989179413817
989179413818
989179413820
989179413821
989179413826
989179413827
989179413831
989179413836
989179413837
989179413838
989179413839
989179413842
989179413843
989179413844
989179413847
989179413848
989179413849
989179413854
989179413855
989179413858
989179413860
989179413861
989179413862
989179413864
989179413865
989179413866
989179413867
989179413868
989179413870
989179413871
989179413872
989179413873
989179413875
989179413876
989179413877
989179413878
989179413880
989179413882
989179413884
989179413886
989179413887
989179413888
989179413891
989179413892
989179413896
989179413902
989179413903
989179413904
989179413907
989179413908
989179413909
989179413910
989179413911
989179413916
989179413921
989179413925
989179413926
989179413927
989179413928
989179413929
989179413931
989179413934
989179413936
989179413937
989179413938
989179413939
989179413941
989179413942
989179413944
989179413946
989179413947
989179413948
989179413952
989179413954
989179413956
989179413957
989179413958
989179413959
989179413963
989179413965
989179413966
989179413969
989179413970
989179413971
989179413972
989179413973
989179413976
989179413978
989179413979
989179413980
989179413981
989179413985
989179413986
989179413987
989179413988
989179413992
989179413993
989179413996
989179413997
989179413999
989179414001
989179414003
989179414004
989179414005
989179414006
989179414007
989179414009
989179414012
989179414013
989179414014
989179414015
989179414017
989179414018
989179414020
989179414022
989179414026
989179414027
989179414031
989179414033
989179414034
989179414036
989179414039
989179414040
989179414042
989179414045
989179414049
989179414051
989179414052
989179414053
989179414054
989179414057
989179414058
989179414060
989179414061
989179414064
989179414066
989179414067
989179414070
989179414071
989179414073
989179414077
989179414079
989179414082
989179414083
989179414084
989179414086
989179414087
989179414088
989179414089
989179414090
989179414092
989179414093
989179414094
989179414095
989179414099
989179414102
989179414103
989179414109
989179414110
989179414113
989179414114
989179414118
989179414121
989179414122
989179414125
989179414127
989179414128
989179414131
989179414133
989179414134
989179414136
989179414137
989179414138
989179414139
989179414140
989179414141
989179414142
989179414144
989179414145
989179414147
989179414149
989179414150
989179414151
989179414152
989179414153
989179414155
989179414159
989179414160
989179414163
989179414164
989179414165
989179414166
989179414167
989179414169
989179414171
989179414174
989179414175
989179414179
989179414180
989179414182
989179414183
989179414186
989179414187
989179414189
989179414190
989179414191
989179414192
989179414193
989179414194
989179414196
989179414197
989179414198
989179414200
989179414201
989179414203
989179414204
989179414206
989179414207
989179414209
989179414210
989179414213
989179414214
989179414215
989179414216
989179414217
989179414218
989179414219
989179414222
989179414224
989179414225
989179414226
989179414227
989179414228
989179414229
989179414230
989179414232
989179414234
989179414240
989179414241
989179414243
989179414244
989179414246
989179414247
989179414248
989179414252
989179414253
989179414254
989179414255
989179414256
989179414257
989179414260
989179414262
989179414264
989179414265
989179414268
989179414269
989179414270
989179414272
989179414273
989179414275
989179414276
989179414278
989179414281
989179414283
989179414284
989179414287
989179414288
989179414289
989179414290
989179414292
989179414293
989179414295
989179414297
989179414298
989179414300
989179414302
989179414303
989179414305
989179414308
989179414309
989179414314
989179414315
989179414319
989179414320
989179414321
989179414322
989179414324
989179414325
989179414326
989179414327
989179414329
989179414332
989179414334
989179414335
989179414337
989179414338
989179414339
989179414343
989179414344
989179414345
989179414346
989179414347
989179414351
989179414353
989179414355
989179414356
989179414357
989179414358
989179414361
989179414365
989179414366
989179414368
989179414370
989179414371
989179414372
989179414374
989179414383
989179414385
989179414386
989179414387
989179414388
989179414389
989179414390
989179414392
989179414394
989179414395
989179414396
989179414398
989179414399
989179414400
989179414401
989179414403
989179414404
989179414407
989179414409
989179414410
989179414411
989179414412
989179414413
989179414414
989179414415
989179414416
989179414417
989179414418
989179414419
989179414424
989179414426
989179414427
989179414430
989179414432
989179414434
989179414435
989179414436
989179414437
989179414439
989179414441
989179414442
989179414445
989179414448
989179414450
989179414452
989179414453
989179414456
989179414457
989179414459
989179414461
989179414462
989179414463
989179414466
989179414467
989179414468
989179414469
989179414470
989179414471
989179414472
989179414474
989179414475
989179414476
989179414478
989179414482
989179414483
989179414484
989179414485
989179414488
989179414489
989179414490
989179414492
989179414493
989179414494
989179414498
989179414500
989179414501
989179414504
989179414505
989179414506
989179414508
989179414509
989179414512
989179414516
989179414517
989179414519
989179414520
989179414523
989179414524
989179414527
989179414529
989179414531
989179414533
989179414534
989179414535
989179414536
989179414537
989179414541
989179414542
989179414543
989179414546
989179414547
989179414550
989179414551
989179414553
989179414554
989179414555
989179414556
989179414558
989179414561
989179414562
989179414567
989179414568
989179414569
989179414570
989179414571
989179414572
989179414574
989179414575
989179414576
989179414577
989179414581
989179414584
989179414586
989179414587
989179414589
989179414590
989179414591
989136732211
989136732212
989136732213
989136732214
989136732215
989136732217
989136732218
989136732219
989136732220
989136732222
989136732225
989136732226
989136732227
989136732228
989136732229
989136732232
989136732233
989136732237
989136732238
989136732239
989136732240
989136732242
989136732243
989136732244
989136732246
989136732247
989136732248
989136732249
989136732251
989136732252
989136732253
989136732254
989136732255
989136732256
989136732257
989136732258
989136732259
989136732260
989136732263
989136732266
989136732267
989136732268
989136732269
989136732270
989136732271
989136732273
989136732274
989136732276
989136732277
989136732278
989136732279
989136732280
989136732281
989136732282
989136732283
989136732286
989136732287
989136732288
989136732290
989136732292
989136732293
989136732294
989136732295
989136732298
989136732299
989136732302
989136732303
989136732304
989136732305
989136732306
989136732308
989136732309
989136732310
989136732312
989136732313
989136732316
989136732317
989136732318
989136732319
989136732322
989136732323
989136732324
989136732328
989136732330
989136732331
989136732333
989136732335
989136732337
989136732338
989136732339
989136732341
989136732342
989136732343
989136732344
989136732346
989136732347
989136732348
989136732350
989136732351
989136732353
989136732355
989136732357
989136732358
989136732359
989136732360
989136732361
989136732362
989136732363
989136732365
989136732366
989136732368
989136732369
989136732370
989136732371
989136732373
989136732374
989136732375
989136732377
989136732379
989136732380
989136732382
989136732385
989136732386
989136732387
989136732388
989136732390
989136732391
989136732394
989136732395
989136732397
989136732398
989136732400
989136732402
989136732403
989136732404
989136732405
989136732407
989136732408
989136732409
989136732410
989136732412
989136732413
989136732414
989136732416
989136732417
989136732418
989136732419
989136732420
989136732421
989136732424
989136732425
989136732426
989136732427
989136732428
989136732429
989136732430
989136732431
989136732432
989136732433
989136732434
989136732435
989136732436
989136732438
989136732439
989136732441
989136732442
989136732444
989136732445
989136732446
989136732447
989136732448
989136732453
989136732454
989136732456
989136732458
989136732459
989136732460
989136732461
989136732462
989136732463
989136732464
989136732465
989136732466
989136732467
989136732469
989136732471
989136732472
989136732473
989136732475
989136732476
989136732477
989136732478
989136732482
989136732484
989136732486
989136732488
989136732492
989136732494
989136732497
989136732498
989136732500
989136732501
989136732502
989136732503
989136732505
989136732506
989136732507
989136732508
989136732509
989136732510
989136732511
989136732513
989136732514
989136732515
989136732516
989136732518
989136732520
989136732523
989136732524
989136732525
989136732526
989136732527
989136732528
989136732529
989136732531
989136732533
989136732534
989136732535
989136732537
989136732538
989136732539
989136732542
989136732544
989136732545
989136732546
989136732547
989136732549
989136732550
989136732551
989136732552
989136732553
989136732554
989136732555
989136732556
989136732557
989136732558
989136732559
989136732560
989136732562
989136732563
989136732565
989136732567
989136732568
989136732569
989136732570
989136732571
989136732572
989136732573
989136732574
989136732575
989136732578
989136732579
989136732581
989136732582
989136732585
989136732587
989136732588
989136732589
989136732591
989136732592
989136732593
989136732594
989136732595
989136732598
989136732600
989136732601
989136732603
989136732605
989136732606
989136732607
989136732609
989136732610
989136732611
989136732612
989136732613
989136732614
989136732615
989136732616
989136732617
989136732618
989136732619
989136732620
989136732621
989136732624
989136732625
989136732626
989136732627
989136732628
989136732629
989136732630
989136732631
989136732632
989136732633
989136732636
989136732637
989136732638
989136732641
989136732642
989136732644
989136732645
989136732646
989136732647
989136732648
989136732649
989136732650
989136732651
989136732652
989136732653
989136732654
989136732656
989136732657
989136732658
989136732659
989136732660
989136732661
989136732664
989136732666
989136732667
989136732668
989136732669
989136732670
989136732671
989136732672
989136732673
989136732674
989136732675
989136732676
989136732677
989136732678
989136732679
989136732680
989136732681
989136732682
989136732683
989136732685
989136732689
989136732690
989136732691
989136732692
989136732693
989136732694
989136732695
989136732696
989136732697
989136732698
989136732699
989136732700
989136732701
989136732702
989136732703
989136732704
989136732705
989136732706
989136732707
989136732709
989136732710
989136732711
989136732712
989136732713
989136732714
989136732715
989136732717
989136732719
989136732721
989136732722
989136732723
989136732724
989136732725
989136732726
989136732727
989136732730
989136732731
989136732732
989136732733
989136732734
989136732735
989136732737
989136732739
989136732740
989136732742
989136732743
989136732744
989136732745
989136732746
989136732747
989136732748
989136732749
989136732750
989136732751
989136732752
989136732754
989136732755
989136732756
989136732757
989136732759
989136732760
989136732761
989136732762
989136732763
989136732764
989136732766
989136732767
989136732768
989136732769
989136732770
989136732772
989136732773
989136732776
989136732777
989136732778
989136732779
989136732780
989136732781
989136732782
989136732783
989136732784
989136732785
989136732786
989136732787
989136732788
989136732789
989136732792
989136732793
989136732794
989136732795
989136732796
989136732799
989136732801
989136732802
989136732804
989136732805
989136732806
989136732807
989136732808
989136732809
989136732810
989136732811
989136732812
989136732813
989136732814
989136732815
989136732816
989136732817
989136732818
989136732819
989136732820
989136732821
989136732823
989136732828
989136732829
989136732831
989136732834
989136732835
989136732836
989136732837
989136732839
989136732840
989136732841
989136732843
989136732844
989136732845
989136732846
989136732847
989136732848
989136732849
989136732850
989136732851
989136732853
989136732855
989136732857
989136732859
989136732860
989136732862
989136732863
989136732864
989136732865
989136732868
989136732869
989136732870
989136732872
989136732874
989136732875
989136732876
989136732877
989136732878
989136732880
989136732881
989136732884
989136732885
989136732886
989136732887
989136732888
989136732889
989136732890
989136732892
989136732893
989136732894
989136732895
989136732896
989136732897
989136732898
989136732899
989136732900
989136732901
989136732902
989136732903
989136732904
989136732905
989136732906
989136732907
989136732908
989136732909
989136732910
989136732911
989136732913
989136732914
989136732916
989136732917
989136732918
989136732921
989136732923
989136732924
989136732925
989136732926
989136732927
989136732928
989136732929
989136732930
989136732932
989136732933
989136732934
989136732935
989136732936
989136732938
989136732939
989136732940
989136732941
989136732942
989136732944
989136732945
989136732947
989136732948
989136732949
989136732950
989136732951
989136732952
989136732954
989136732956
989136732957
989136732958
989136732959
989136732960
989136732961
989136732962
989136732963
989136732964
989136732966
989136732968
989136732969
989136732970
989136732971
989136732972
989136732973
989136732976
989136732977
989136732978
989136732979
989136732981
989136732982
989136732984
989136732987
989136732990
989136732992
989136732993
989136732994
989136732995
989136732997
989136732998
989136733001
989136733002
989136733003
989136733006
989136733007
989136733008
989136733009
989136733010
989136733011
989136733012
989136733013
989136733014
989136733015
989136733017
989136733018
989136733020
989136733022
989136733023
989136733024
989136733025
989136733026
989136733027
989136733028
989136733030
989136733031
989136733032
989136733034
989136733035
989136733038
989136733040
989136733041
989136733042
989136733043
989136733044
989136733045
989136733046
989136733047
989136733048
989136733049
989136733050
989136733051
989136733052
989136733053
989136733054
989136733055
989136733056
989136733057
989136733058
989136733059
989136733061
989136733062
989136733063
989136733064
989136733065
989136733066
989136733069
989136733071
989136733072
989136733073
989136733075
989136733076
989136733079
989136733080
989136733081
989136733082
989136733083
989136733087
989136733088
989136733089
989136733090
989136733091
989136733092
989136733093
989136733094
989136733095
989136733096
989136733098
989136733100
989136733102
989136733103
989136733104
989136733105
989136733108
989136733109
989136733110
989136733111
989136733112
989136733113
989136733114
989136733116
989136733117
989136733118
989136733119
989136733120
989136733121
989136733123
989136733124
989136733125
989136733127
989136733128
989136733130
989136733132
989136733133
989136733134
989136733137
989136733140
989136733141
989136733142
989136733143
989136733144
989136733145
989136733146
989136733147
989136733148
989136733149
989136733150
989136733151
989136733152
989136733153
989136733154
989136733155
989136733156
989136733157
989136733158
989136733159
989136733160
989136733161
989136733162
989136733163
989136733164
989136733165
989136733166
989136733167
989136733168
989136733169
989136733171
989136733172
989136733173
989136733174
989136733175
989136733176
989136733177
989136733178
989136733179
989136733180
989136733182
989136733183
989136733184
989136733185
989136733186
989136733187
989136733188
989136733189
989136733190
989136733191
989136733192
989136733194
989136733195
989136733196
989136733197
989136733199
989136733200
989136733202
989136733203
989136733204
989136733205
989136733207
989136733208
989136733210
989136733211
989136733212
989136733213
989136733217
989136733218
989136733219
989136733220
989136733222
989136733224
989136733226
989136733227
989136733228
989136733229
989136733230
989136733231
989136733232
989136733233
989136733234
989136733235
989136733236
989136733237
989136733238
989136733239
989136733240
989136733241
989136733242
989136733243
989136733244
989136733245
989136733248
989136733250
989136733252
989136733253
989136733254
989136733255
989136733256
989136733257
989136733259
989136733260
989136733262
989136733263
989136733264
989136733265
989136733266
989136733268
989136733269
989136733270
989136733271
989136733272
989136733280
989136733281
989136733282
989136733283
989136733285
989136733286
989136733287
989136733288
989136733290
989136733291
989136733293
989136733294
989136733295
989136733296
989136733297
989136733299
989136733300
989136733302
989136733304
989136733305
989136733306
989136733307
989136733308
989136733309
989136733314
989136733315
989136733317
989136733318
989136733319
989136733320
989136733321
989136733323
989136733325
989136733327
989136733328
989136733329
989136733330
989136733331
989136733333
989136733335
989136733336
989136733342
989136733343
989136733344
989136733345
989136733346
989136733348
989136733349
989136733350
989136733351
989136733352
989136733353
989136733354
989136733356
989136733357
989136733358
989136733359
989136733360
989136733361
989136733362
989136733364
989136733365
989136733367
989136733368
989136733369
989136733370
989136733374
989136733375
989136733376
989136733377
989136733378
989136733379
989136733380
989136733382
989136733383
989136733384
989136733385
989136733386
989136733387
989136733388
989136733390
989136733391
989136733392
989136733393
989136733394
989136733395
989136733396
989136733398
989136733399
989136733403
989136733405
989136733406
989136733407
989136733408
989136733409
989136733410
989136733414
989136733416
989136733417
989136733418
989136733419
989136733420
989136733422
989136733423
989136733425
989136733427
989136733430
989136733431
989136733432
989136733434
989136733435
989136733436
989136733438
989136733439
989136733440
989136733441
989136733445
989136733446
989136733447
989136733448
989136733449
989136733450
989136733451
989136733452
989136733453
989136733454
989136733455
989136733458
989136733459
989136733460
989136733461
989136733462
989136733463
989136733465
989136733467
989136733468
989136733469
989136733470
989136733471
989136733472
989136733474
989136733476
989136733477
989136733478
989136733479
989136733480
989136733481
989136733482
989136733483
989136733484
989136733486
989136733487
989136733488
989136733490
989136733491
989136733493
989136733494
989136733495
989136733496
989136733497
989136733498
989136733500
989136733501
989136733502
989136733504
989136733505
989136733506
989136733507
989136733508
989136733509
989136733510
989136733511
989136733513
989136733514
989136733517
989136733518
989136733520
989136733521
989136733522
989136733523
989136733524
989136733525
989136733528
989136733529
989136733530
989136733531
989136733532
989136733533
989136733534
989136710206
989136710292
989136710385
989136710413
989136710553
989136710722
989136710749
989136710761
989136710836
989136710902
989136710930
989136710961
989136711127
989136711256
989136711258
989136711474
989136711539
989136711665
989136711680
989136711689
989136711761
989136711828
989136711833
989136711951
989136712234
989136712295
989136712474
989136712516
989136712523
989136712540
989136712547
989136712551
989136712599
989136712615
989136712620
989136712637
989136712718
989136712903
989136713437
989136713577
989136713712
989136713766
989136713910
989136713956
989136713972
989136714009
989136714248
989136714257
989136714310
989136714382
989136714460
989136714481
989136714630
989136714765
989136714785
989136714821
989136714841
989136714934
989136714979
989136715211
989136715273
989136715328
989136715368
989136715413
989136715450
989136715466
989136715519
989136715687
989136715763
989136715806
989136715846
989136715863
989136715904
989136715926
989136716001
989136716265
989136716313
989136716467
989136716484
989136716664
989136716699
989136716711
989136716717
989136716810
989136716826
989136716973
989136716978
989136717163
989136717217
989136717284
989136717403
989136717421
989136717462
989136717474
989136717630
989136717698
989136717719
989136717881
989136717893
989136717974
989136717987
989136718032
989136718178
989136718253
989136718378
989136718428
989136718544
989136718611
989136718628
989136718745
989136718816
989136718855
989136718874
989136718877
989136718896
989136718961
989136718998
989136719038
989136719087
989136719291
989136719312
989136719379
989136719426
989136719639
989136719869
989136719888
989136719958
989136720077
989136720078
989136720197
989136720253
989136720291
989136720325
989136720498
989136720531
989136720542
989136720558
989136720725
989136720733
989136720824
989136720851
989136720874
989136720949
989136721156
989136721160
989136721176
989136721185
989136721396
989136721442
989136721496
989136721525
989136721666
989136721927
989136722036
989136722104
989136722239
989136722280
989136722312
989136722359
989136722483
989136722484
989136722493
989136722613
989136722623
989136722806
989136722946
989136722951
989136723039
989136723067
989136723133
989136723448
989136723581
989136723584
989136723589
989136723621
989136723639
989136723651
989136723762
989136723785
989136723875
989136723949
989136723999
989136724066
989136724082
989136724106
989136724107
989136724137
989136724164
989136724182
989136724462
989136724577
989136724652
989136724791
989136724792
989136724794
989136724864
989136725237
989136725268
989136725301
989136725346
989136725429
989136725655
989136725677
989136725749
989136725826
989136725856
989136725883
989136725906
989136725933
989136725976
989136725987
989136726004
989136726176
989136726220
989136726227
989136726353
989136726507
989136726564
989136726596
989136726615
989136726640
989136726736
989136726758
989136726778
989136727014
989136727039
989136727115
989136727218
989136727474
989136727696
989136727785
989136727820
989136727827
989136727868
989136727899
989136727983
989136728181
989136728189
989136728208
989136728258
989136728287
989136728326
989136728331
989136728379
989136728428
989136728439
989136728460
989136728515
989136728532
989136728609
989136728623
989136728633
989136728690
989136728734
989136728811
989136728875
989136728913
989136728955
989136728969
989136728993
989136729198
989136729379
989136729568
989136729570
989136729604
989136729935
989136740143
989136740275
989136740280
989136740351
989136740406
989136740498
989136740537
989136740686
989136740775
989136740821
989136740830
989136740855
989136740973
989136741069
989136741213
989136741267
989136741378
989136741432
989136741455
989136741467
989136741725
989136741740
989136741952
989136742006
989136742040
989136742053
989136742083
989136742092
989136742173
989136742256
989136742365
989136742467
989136742602
989136742672
989136743095
989136743124
989136743136
989136743188
989136743252
989136743279
989136743388
989136743475
989136743853
989136743858
989136743959
989136744023
989136744029
989136744111
989136744143
989136744378
989136744457
989136744538
989136744660
989136744684
989136744724
989136744746
989136744781
989136744832
989136744900
989136745144
989136745314
989136745462
989136745605
989136745669
989136745795
989136745828
989136745967
989136746168
989136746237
989136746367
989136746372
989136746476
989136746675
989136746868
989136746903
989136746967
989136747004
989136747035
989136747073
989136747192
989136747364
989136747385
989136747388
989136747448
989136747463
989136747507
989136747536
989136747684
989136747730
989136747941
989136748007
989136748170
989136748182
989136748232
989136748303
989136748367
989136748380
989136748391
989136748404
989136748641
989136748746
989136749263
989136749319
989136749561
989136750007
989136750049
989136750088
989136750200
989136750293
989136750321
989136750405
989136750432
989136750644
989136750752
989136750814
989136750948
989136750978
989136751032
989136751090
989136751115
989136751180
989136751261
989136751344
989136751443
989136751446
989136751464
989136751739
989136751877
989136751968
989136751998
989136752052
989136752082
989136752116
989136752123
989136752205
989136752303
989136752365
989136752385
989136752390
989136752425
989136752457
989136752528
989136752649
989136752676
989136752718
989136752887
989136753039
989136753050
989136753120
989136753191
989136753238
989136753376
989136753399
989136753429
989136753549
989136753551
989136753564
989136753655
989136753662
989136753752
989136753812
989136753826
989136753829
989136753867
989136753925
989136754037
989136754124
989136754146
989136754166
989136754211
989136754234
989136754340
989136754380
989136754385
989136754399
989136754402
989136754408
989136754501
989136754644
989136754653
989136754797
989136754937
989136755002
989136755094
989136755131
989136755146
989136755172
989136755212
989136755252
989136755270
989136755375
989136755484
989136755534
989136755576
989136755837
989136756066
989136756081
989136756382
989136756419
989136756523
989136756686
989136756706
989136756823
989136756859
989136756890
989136756914
989136756959
989136757003
989136757030
989136757061
989136757142
989136757151
989136757335
989136757369
989136757548
989136757594
989136757627
989136757692
989136757824
989136757940
989136757984
989136758070
989136758088
989136758094
989136758099
989136758184
989136758395
989136758421
989136758453
989136758571
989136758698
989136758735
989136758819
989136758848
989136758939
989136759391
989136759449
989136759513
989136759565
989136759604
989136759788
989136759814
989136759905
989136760092
989136760129
989136760183
989136760256
989136760325
989136760331
989136760436
989136760520
989136760534
989136760592
989136760646
989136760783
989136761000
989136761115
989136761288
989136761615
989136761667
989136761668
989136761669
989136761913
989136761941
989136762035
989136762080
989136762130
989136762196
989136762328
989136762345
989136762362
989136762432
989136762470
989136762701
989136762710
989136762838
989136762926
989136763039
989136763405
989136763419
989136763457
989136763593
989136763823
989136763895
989136763899
989136764099
989136764127
989136764128
989136764164
989136764242
989136764380
989136764420
989136764440
989136764458
989136764514
989136764536
989136764619
989136764747
989136764969
989136765022
989136765170
989136765249
989136765257
989136765339
989136765364
989136765373
989136765472
989136765620
989136765656
989136765762
989136765775
989136765847
989136765883
989136765983
989136766014
989136766026
989136766071
989136766149
989136766173
989136766197
989136766288
989136766360
989136766385
989136766463
989136766521
989136766586
989136766639
989136766760
989136766803
989136766821
989136767114
989136767219
989136767455
989136767476
989136767557
989136767583
989136767721
989136767751
989136767832
989136767839
989136767848
989136767876
989136767882
989136767895
989136767911
989136767919
989136767949
989136768006
989136768119
989136768170
989136768288
989136768434
989136768460
989136768658
989136768664
989136768720
989136768775
989136768781
989136768821
989136769146
989136769225
989136769240
989136769301
989136769502
989136769651
989136769734
989136769795
989136769827
989136769835
989136769856
989136769914
989136770000
989136770069
989136770107
989136770115
989136770153
989136770173
989136770255
989136770287
989136770322
989136770466
989136770533
989136770554
989136770576
989136770593
989136770644
989136770655
989136770715
989136770783
989136771067
989136771181
989136771203
989136771212
989136771247
989136771360
989136771490
989136771574
989136771613
989136771647
989136771713
989136771804
989136771820
989136771831
989136772064
989136772171
989136772306
989136772565
989136772587
989136772687
989136772773
989136772880
989136772924
989136772976
989136772998
989136773014
989136773033
989136773298
989136773398
989136773399
989136773408
989136773540
989136773868
989136773879
989136773901
989136774036
989136774121
989136774131
989136774162
989136774274
989136774506
989136774570
989136774594
989136774799
989136774938
989136774972
989136775103
989136775183
989136775240
989136775324
989136775333
989136775372
989136775612
989136775657
989136775727
989136775739
989136775906
989136775909
989136775953
989136775972
989136776003
989136776101
989136776111
989136776204
989136776211
989136776214
989136776393
989136776578
989136776661
989136776746
989136776846
989136776986
989136777024
989136777031
989136777141
989136777170
989136777225
989136777253
989136777269
989136777328
989136777398
989136777776
989136778065
989136778142
989136778171
989136778183
989136778201
989136778500
989136778545
989136778589
989136778701
989136778777
989136778859
989136778861
989136778895
989136778936
989136778992
989136779013
989136779042
989136779045
989136779150
989136779323
989136779623
989136779628
989136779671
989136779696
989136779778
989136779891
989136779914
989136779924
989136780011
989136780129
989136780275
989136780404
989136780436
989136780491
989136780544
989136780593
989136780609
989136780621
989136780879
989136780991
989136781194
989136781225
989136781253
989136781262
989136781440
989136781541
989136781542
989136781590
989136781687
989136781717
989136781815
989136781820
989136781925
989136781970
989136781973
989136781985
989136782005
989136782042
989136782135
989136782319
989136782455
989136782793
989136782948
989136783002
989136783213
989136783221
989136783550
989136783617
989136783750
989136783878
989136783977
989136784133
989136784162
989136784188
989136784209
989136784213
989136784282
989136784384
989136784396
989136784405
989136784502
989136784637
989136784647
989136784693
989136784755
989136784782
989136784866
989136785038
989136785455
989136785482
989136785512
989136785617
989136785654
989136785694
989136785910
989136785961
989136786029
989136786059
989136786302
989136786468
989136786519
989136786527
989136786556
989136786650
989136786656
989136786914
989136787019
989136787034
989136787099
989136787489
989136787666
989136787844
989136787865
989136787899
989136787989
989136788077
989136788097
989136788294
989136788348
989136788351
989136788480
989136788492
989136788511
989136788516
989136788536
989136788618
989136788766
989136788818
989136788859
989136789096
989136789211
989136789281
989136789322
989136789478
989136789483
989136789584
989136789612
989136789645
989136789702
989136789858
989136789953
989136790239
989136790274
989136790291
989136790315
989136790349
989136790363
989136790413
989136790657
989136790662
989136790757
989136791169
989136791235
989136791284
989136791394
989136791395
989136791436
989136791462
989136791563
989136791648
989136791720
989136791800
989136791842
989136791853
989136791858
989136791938
989136792043
989136792174
989136792241
989136792342
989136792345
989136792593
989136792982
989136793049
989136793248
989136793284
989136793291
989136793310
989136793382
989136793486
989136793718
989136793723
989136794020
989136794048
989136794063
989136794084
989136794148
989136794345
989136794397
989136794479
989136794544
989136794633
989136794654
989136794703
989136794709
989136794863
989136794945
989136794960
989136795022
989136795051
989136795111
989136795157
989136795179
989136795425
989136795482
989136795548
989136795552
989136795712
989136795994
989136796144
989136796171
989136796172
989136796173
989136796278
989136796527
989136796537
989136796562
989136796597
989136796613
989136796941
989136796976
989136796993
989136797026
989136797161
989136797245
989136797250
989136797258
989136797507
989136797547
989136797722
989136797813
989136797941
989136797995
989136798036
989136798176
989136798218
989136798328
989136798445
989136798475
989136798601
989136798638
989136798652
989136798745
989136798776
989136798823
989136798862
989136798894
989136798938
989136799035
989136799104
989136799252
989136799290
989136799331
989136799334
989136799372
989136799415
989136799495
989136799561
989136799626
989136799648
989136799760
989136799842
989136799926