211981315945
211981374046
211981314169
211981354741
211981354079
211981335453
211981374564
211981375527
211981324067
211981314069
211981315206
211981335778
211981334040
211981324644
211981325330
211981355560
211981335325
211981325163
211981315907
211981325371
211981334272
211981354878
211981314997
211981354528
211981375400
211981334528
211981375466
211981315509
211981315564
211981325397
211981344394
211981335115
211981355917
211981315431
211981315689
211981374280
211981374118
211981344660
211981374608
211981345267
211981314733
211981324742
211981344217
211981325215
211981375839
211981314746
211981314459
211981345120
211981344791
211981324689
211981325495
211981325047
211981325735
211981314850
211981335901
211981344523
211981374058
211981335700
211981315374
211981325830
211981375485
211981345064
211981335762
211981355363
211981335633
211981354738
211981314391
211981344729
211981314076
211981315983
211981334536
211981345321
211981334072
211981324305
211981314549
211981355060
211981334405
211981335854
211981374565
211981344615
211981315719
211981334624
211981344644
211981335603
211981345134
211981335675
211981335249
211981375951
211981334259
211981374103
211981375303
211981325347
211981374329
211981335672
211981354021
211981325798
211981315392
211981375438
211981334417
211981375925
211981344905
211981375248
211981325549
211981354133
211981335024
211981374416
211981345825
211981335587
211981325880
211981315608
211981375214
211981344142
211981324452
211981354770
211981324678
211981334633
211981355356
211981325626
211981375013
211981324490
211981355584
211981334734
211981334507
211981335152
211981355757
211981325249
211981325247
211981314560
211981315032
211981344761
211981355414
211981324994
211981345444
211981354690
211981345162
211981325960
211981344382
211981375213
211981354577
211981345758
211981334963
211981335209
211981345448
211981345512
211981375263
211981345255
211981374645
211981354201
211981374452
211981334176
211981324991
211981354832
211981355391
211981345930
211981315382
211981354904
211981354463
211981324185
211981354407
211981354186
211981344243
211981374791
211981344609
211981315336
211981334226
211981324749
211981334500
211981334394
211981374200
211981354852
211981315512
211981345147
211981375657
211981344227
211981314254
211981375215
211981374020
211981375890
211981345014
211981334219
211981344110
211981335410
211981334758
211981374962
211981315090
211981334522
211981375334
211981314507
211981355801
211981355598
211981324632
211981335842
211981375020
211981344244
211981315450
211981374573
211981335003
211981374121
211981375707
211981375232
211981335930
211981354712
211981325160
211981325509
211981345073
211981344647
211981374679
211981355073
211981315950
211981334406
211981324037
211981345104
211981325399
211981334664
211981374670
211981354425
211981335740
211981325858
211981344471
211981335267
211981334627
211981344785
211981345888
211981345287
211981354987
211981334465
211981344377
211981335787
211981345983
211981334537
211981315412
211981345954
211981334113
211981334057
211981314463
211981315182
211981314270
211981355779
211981314130
211981335265
211981335042
211981335502
211981315358
211981354010
211981375099
211981355298
211981344883
211981324314
211981345891
211981325316
211981354585
211981325022
211981315541
211981354485
211981325229
211981374133
211981325005
211981324085
211981325784
211981354027
211981355193
211981375442
211981334318
211981334636
211981315651
211981325776
211981374460
211981375690
211981314671
211981314145
211981345903
211981355610
211981345746
211981324663
211981355647
211981374895
211981324893
211981335750
211981374504
211981374738
211981334152
211981315625
211981324792
211981325535
211981344461
211981334852
211981374577
211981375125
211981324764
211981324910
211981354988
211981314613
211981354965
211981355908
211981314127
211981345509
211981355688
211981355080
211981315056
211981355690
211981375756
211981354428
211981345605
211981334657
211981344286
211981334448
211981315362
211981374288
211981374999
211981335779
211981344745
211981375871
211981354817
211981324820
211981345115
211981335512
211981355885
211981354506
211981345294
211981354908
211981345349
211981354823
211981355863
211981315734
211981324091
211981344827
211981314592
211981314788
211981374437
211981354017
211981335541
211981314630
211981324137
211981325993
211981324328
211981335985
211981375048
211981354375
211981354834
211981355007
211981354516
211981334985
211981324226
211981315427
211981344397
211981345975
211981325496
211981325265
211981355402
211981314290
211981344667
211981324889
211981325701
211981344024
211981324362
211981374085
211981335111
211981335768
211981325590
211981335370
211981324873
211981354945
211981344571
211981325083
211981355615
211981314472
211981334371
211981374316
211981374976
211981345926
211981334598
211981314105
211981315668
211981324591
211981315128
211981345679
211981355382
211981315840
211981345399
211981354320
211981355936
211981344800
211981344692
211981355764
211981345829
211981315949
211981325931
211981354601
211981324776
211981335187
211981325335
211981344022
211981375814
211981324214
211981325592
211981315196
211981374721
211981325195
211981335394
211981324938
211981324162
211981335314
211981315135
211981355578
211981355489
211981354913
211981335146
211981325297
211981344586
211981375719
211981315978
211981344972
211981345284
211981314564
211981354918
211981334158
211981374071
211981315511
211981335256
211981345893
211981325663
211981315958
211981375631
211981355986
211981354786
211981314480
211981334036
211981335430
211981315125
211981375616
211981334398
211981354805
211981334224
211981375241
211981354684
211981315260
211981344035
211981325331
211981354035
211981374792
211981325012
211981354656
211981314402
211981355068
211981314882
211981314381
211981354220
211981345560
211981314872
211981355345
211981374307
211981354455
211981314760
211981345390
211981344209
211981374218
211981374566
211981355203
211981344730
211981315247
211981344940
211981325588
211981354707
211981335915
211981314192
211981374527
211981325407
211981374044
211981374132
211981325431
211981315866
211981375978
211981334389
211981334213
211981355915
211981354842
211981324885
211981355780
211981314561
211981315322
211981314900
211981334687
211981325232
211981345405
211981334454
211981355593
211981315830
211981355547
211981375343
211981334207
211981334475
211981344041
211981314401
211981324623
211981335371
211981345462
211981334179
211981344930
211981354383
211981344033
211981344519
211981324976
211981345611
211981375199
211981344317
211981315902
211981345948
211981355529
211981314179
211981315458
211981354504
211981335238
211981355238
211981355284
211981335385
211981345469
211981315430
211981345583
211981324573
211981375278
211981314956
211981325621
211981315286
211981354518
211981344840
211981374151
211981314365
211981354353
211981325422
211981325340
211981325176
211981374685
211981374313
211981345018
211981314887
211981374487
211981344164
211981344919
211981344151
211981345795
211981315869
211981374883
211981314033
211981344483
211981315889
211981315474
211981345231
211981344020
211981344252
211981315742
211981314707
211981375946
211981325987
211981345965
211981344246
211981335579
211981375111
211981354940
211981374199
211981315596
211981344560
211981315566
211981354080
211981355875
211981354953
211981314964
211981344163
211981354972
211981374998
211981345108
211981355498
211981355150
211981335122
211981355773
211981335819
211981374470
211981315842
211981315572
211981315159
211981324528
211981354191
211981344025
211981374787
211981334602
211981344083
211981315136
211981375309
211981324489
211981355924
211981345536
211981334311
211981375216
211981374241
211981335895
211981325666
211981325274
211981375716
211981374126
211981314408
211981345842
211981354564
211981325326
211981325359
211981314859
211981344815
211981354169
211981334807
211981354911
211981335243
211981335098
211981375052
211981314036
211981325026
211981345523
211981345741
211981325124
211981314052
211981315447
211981345590
211981334255
211981324195
211981325660
211981314663
211981374591
211981334712
211981335878
211981375904
211981334051
211981314151
211981354124
211981374579
211981335123
211981334883
211981354640
211981355691
211981335347
211981344510
211981334600
211981324026
211981344364
211981375811
211981344327
211981335799
211981345453
211981324641
211981345938
211981344626
211981375712
211981324173
211981324207
211981374568
211981375051
211981335045
211981324652
211981375886
211981324725
211981314356
211981315183
211981325243
211981375023
211981374776
211981315158
211981324544
211981375387
211981345761
211981355408
211981375610
211981335110
211981344859
211981345285
211981354178
211981335049
211981315121
211981355172
211981335093
211981315548
211981315140
211981344120
211981334223
211981324825
211981334065
211981354838
211981374651
211981375471
211981375708
211981314755
211981344952
211981334797
211981345498
211981345021
211981335053
211981374164
211981375375
211981355416
211981374036
211981314348
211981325267
211981324465
211981334210
211981374904
211981354890
211981355670
211981344036
211981375367
211981334481
211981324394
211981315062
211981325464
211981314812
211981335164
211981345883
211981345340
211981334658
211981355373
211981375147
211981314170
211981354977
211981335360
211981374131
211981355274
211981315822
211981344934
211981374621
211981335293
211981375758
211981355112
211981324692
211981345706
211981314508
211981355288
211981324886
211981354613
211981325144
211981344250
211981354125
211981345839
211981375368
211981354313
211981334380
211981355923
211981345261
211981345735
211981355973
211981354445
211981355767
211981355819
211981334684
211981345137
211981374638
211981334467
211981374951
211981374643
211981314392
211981355313
211981335359
211981354461
211981345867
211981355407
211981375296
211981375703
211981314298
211981314403
211981344230
211981374405
211981325226
211981344424
211981314585
211981354947
211981355292
211981344265
211981344462
211981374272
211981325312
211981344160
211981335002
211981325168
211981324909
211981355926
211981334823
211981355206
211981354799
211981325891
211981344715
211981355491
211981325527
211981315019
211981324795
211981355624
211981334104
211981315780
211981335334
211981325103
211981354989
211981314015
211981325183
211981334975
211981315568
211981375129
211981335834
211981375552
211981324111
211981324683
211981325140
211981374815
211981324907
211981345095
211981355611
211981355519
211981315788
211981355914
211981335404
211981344067
211981345937
211981334154
211981335145
211981374627
211981354314
211981355832
211981335337
211981315198
211981345939
211981375859
211981335688
211981375829
211981344991
211981344910
211981325887
211981375483
211981315782
211981315041
211981374449
211981325700
211981334905
211981315097
211981324302
211981315492
211981324804
211981335138
211981375764
211981314115
211981345909
211981314843
211981335975
211981375677
211981374997
211981354755
211981355290
211981354094
211981355307
211981335864
211981344372
211981345446
211981345352
211981314176
211981374849
211981375266
211981325055
211981354283
211981354269
211981324546
211981345818
211981355452
211981315306
211981355556
211981315768
211981314898
211981354395
211981344950
211981354026
211981375744
211981375822
211981375012
211981355802
211981334136
211981344013
211981324432
211981334936
211981375958
211981344928
211981354919
211981315330
211981344768
211981344114
211981375695
211981374833
211981355194
211981314304
211981374819
211981345334
211981374920
211981315552
211981374198
211981354439
211981345805
211981374073
211981335035
211981325553
211981315299
211981325079
211981344492
211981375298
211981324442
211981315418
211981315970
211981324160
211981345368
211981344303
211981375321
211981344387
211981314543
211981344744
211981375855
211981354723
211981315112
211981354964
211981325864
211981335290
211981334407
211981325623
211981345319
211981334769
211981335962
211981335227
211981355542
211981344698
211981334702
211981355749
211981344330
211981374195
211981325698
211981324066
211981345033
211981335967
211981334013
211981325482
211981344787
211981354983
211981314907
211981315163
211981354108
211981335422
211981344180
211981334808
211981374810
211981355464
211981375366
211981325593
211981335078
211981315160
211981355209
211981334697
211981375959
211981374927
211981345210
211981345929
211981324055
211981374867
211981325948
211981314237
211981315917
211981315375
211981314122
211981375294
211981344917
211981335859
211981355424
211981334103
211981374663
211981355846
211981325443
211981345494
211981344498
211981375858
211981345856
211981315456
211981334147
211981375363
211981345006
211981355038
211981324223
211981324123
211981325612
211981315001
211981354726
211981315813
211981334538
211981315142
211981374873
211981324979
211981314198
211981355484
211981355432
211981315038
211981334222
211981355455
211981334832
211981375005
211981334120
211981325903
211981354611