 252628159299
252628158417
252628159723
252628154227
252628150196
252628157778
252628157754
252628152584
252628151700
252628154389
252628159929
252628150170
252628159880
252628155197
252628158525
252628157783
252628153547
252628152126
252628150661
252628157742
252628159874
252628156142
252628157525
252628154946
252628151144
252628157375
252628157804
252628156607
252628158059
252628153641
252628152249
252628158606
252628155348
252628152657
252628158108
252628150607
252628150050
252628156931
252628159478
252628159959
252628156944
252628152399
252628156760
252628159199
252628154808
252628152325
252628155412
252628158596
252628157947
252628155499
252628153398
252628154296
252628151689
252628152246
252628153573
252628155104
252628150445
252628152976
252628156387
252628156705
252628150663
252628153938
252628159839
252628158753
252628158127
252628159032
252628159196
252628152029
252628156506
252628153113
252628150504
252628159418
252628157880
252628158238
252628151421
252628159322
252628158510
252628159688
252628150721
252628155223
252628152537
252628159294
252628155585
252628158769
252628155283
252628151412
252628152322
252628159671
252628152091
252628151487
252628150250
252628156366
252628158673
252628151348
252628155541
252628153975
252628159715
252628154080
252628155788
252628152357 