201128331647
201116169104
201100628195
201119947003
201119072290
201128062625
201121452078
201111481848
201121952573
201119229836
201119455588
201128300007
201119293586
201121273609
201119286377
201119515614
201121110250
201128328349
201121019473
201116544733
201148556262
201153966816
201119285999
201128885040
201107872936
201128196630
201116285290
201121783147
201157269592
201116632053
201116818235
201141824088
201128654176
201116919339
201113680797
201128060351
201121298479
201121637802
201155896816
201128572452
201121578954
201119268739
201121233669
201128820566
201119313800
201119943703
201121597996
201157752341
201148556256
201128377232
201128326794
201154746678
201119381880
201119349734
201116848345
201142105037
201119567394
201121544147
201148556208
201121412408
201121999156
201116101859
201119971452
201160734302
201160158894
201100628158
201128263495
201119532192
201114419917
201119266268
201119592716
201141569940
201128250786
201121907320
201119335979
201116285286
201121084103
201119689863
201111481819
201121783189
201121110223
201128300013
201128302061
201121412482
201121480432
201121095034
201119900510
201121269466
201119296175
201121287526
201128006780
201121593621
201128273650
201116735488
201116379312
201128190646
201116831023
201128924197
201119268749
201121593646
201119900557
201142101801
201116803058
201119393031
201116716095
201121550604
201119912712
201128820507
201128474132
201151163359
201119699840
201121783113
201128263450
201128924159
201121194595
201119296198
201128196671
201128490974
201121194506
201116325731
201116117040
201128326744
201128263484
201119393071
201128979433
201128924117
201119245168
201128331407
201119296177
201121597980
201121544141
201119296149
201154746609
201119198291
201121084186
201150245545
201121314475
201119187172
201114419925
201121430189
201119681044
201111197379
201119245133
201121145325
201116704688
201116919397
201119286379
201119820494
201116307282
201116848384
201121090282
201128196629
201116632066
201119645039
201121061118
201116953774
201140910600
201119405014
201128328344
201119724692
201160090780
201121779654
201121318866
201116076281
201128331683
201160158830
201116101828
201128302072
201116516936
201121578907
201128810208
201128160374
201128361090
201116101892
201121772399
201121145300
201121740789
201158799888
201121827529
201128263419
201121186313
201128024493
201128563352
201121550672
201116966262
201119175182
201148551564
201116379361
201121952572
201121233681
201128656931
201119198206
201121580123
201128250727
201121452065
201116117056
201121772332
201128971739
201119266210
201153161584
201148557429
201119651252
201128820581
201116923718
201121521127
201121090203
201128820527
201116831016
201121999103
201121084131
201121480431
201119532170
201121194574
201121663769
201121758441
201119271674
201119313813
201121430127
201160734318
201157635127
201128263463
201116011048
201116119335
201141569988
201121279876
201116731600
201128450966
201116328302
201116557448
201119645006
201116328314
201124689962
201121637806
201116101887
201119316591
201119651254
201128971753
201121412425
201121014311
201119266275
201128885017
201128302080
201121145375
201128885062
201119266200
201121582950
201116176344
201119651270
201128979448
201116121005
201128300072
201128654131
201118063875
201116953723
201116268826
201119820443
201119681036
201119078266
201116187549
201119689800
201119286360
201121741115
201121014357
201128570856
201119864021
201119820409
201121084163
201121276614
201128514475
201116632096
201160158819
201121708091
201116704661
201128450993
201148551508
201121269430
201119393005
201157269535
201128855671
201121754341
201119286349
201119229891
201119775580
201119266202
201121758465
201116354396
201154746694
201119327186
201119142263
201121647207
201121014375
201128103881
201116117070
201119337994
201121121421
201116354398
201116398198
201116115905
201121019460
201158799866
201119780923
201116325755
201128951047
201119313855
201142105013
201121269460
201128328357
201121480476
201116354324
201121452022
201124271837
201128555747
201119296159
201119820438
201119393049
201150245512
201116803092
201119327123
201119293583
201116906407
201121700797
201116716010
201119137437
201119899328
201128973363
201119947039
201114419969
201116169152
201121507810
201116803076
201116923769
201128080143
201128600091
201119710261
201128247120
201121269467
201121516044
201128885079
201128196666
201160734313
201116557403
201128721897
201119285934
201121639201
201119266294
201119645033
201119393076
201157368924
201108575266
201116716453
201116516947
201119699836
201128264469
201128264432
201128331428
201128302089
201128810289
201116731647
201121287548
201116953728
201121318859
201116115931
201121430181
201121298402
201121639282
201121146725
201107872988
201121507808
201119515636
201128389728
201119947059
201128160329
201128264410
201128389783
201121222494
201128292107
201119640198
201119137468
201157635166
201160734380
201119648415
201121521175
201121827505
201121073823
201119072214
201128377277
201119864016
201116818213
201116115941
201121314428
201121593647
201116187532
201128080189
201157061245
201128654180
201119268748
201119820452
201128490977
201116115999
201128226739
201119995871
201121593695
201119271699
201116230942
201119995837
201119229884
201128098159
201119710283
201128302022
201128765969
201128810263
201119258199
201116923789
201128377219
201116483254
201119567308
201116398102
201116848303
201121967278
201116831022
201116077207
201142105088
201121019400
201116906457
201121194523
201121758475
201128924110
201116650105
201119651274
201116803028
201116483286
201121194584
201128820598
201128331444
201116919350
201128772135
201119724664
201128196619
201128263425
201119532161
201121145389
201119142230
201116735457
201119229843
201119137491
201148557496
201121430149
201128389796
201119088237
201121656152
201116818297
201144520421
201121276647
201119592795
201119681005
201121582996
201142101800
201124689913
201128465423
201128389793
201119819159
201120437354
201107872972
201116765893
201127060691
201121279812
201153282272
201128210284
201119515645
201127060689
201119268736
201128158378
201128563355
201111481824
201115817596
201111481862
201128896860
201128876153
201121637830
201142105079
201116285248
201121276694
201116919386
201160158880
201153966819
201119349757
201128307397
201116716430
201119788954
201111481823
201119142259
201128855681
201116101847
201156241399
201116831085
201119088236
201119393034
201116953765
201116906429
201128269251
201119864047
201128772125
201119405058
201120436509
201128302034
201153966866
201116398154
201116633351
201119637740
201116544786
201116336446
201116379307
201116268864
201121408963
201116187517
201121637884
201128885081
201128210200
201121186389
201128885000
201121597942
201116187501
201158799895
201121663721
201128973397
201128331679
201116186559
201119783797
201118063877
201128292160
201121656171
201156241391
201119072211
201116011073
201128062693
201128210259
201121314422
201121578936
201121580170
201116200500
201116186517
201157269589
201119971460
201121084128
201116176374
201128600041
201121084187
201119788927
201100628176
201121095093
201128971768
201119947092
201121746561
201121279809
201122249418
201128450964
201121544106
201116557429
201119780980
201128080116
201121084198
201119285908
201119293577
201116803003
201121597970
201121318885
201148556224
201119349707
201119595572
201128514457
201150245553
201116307220
201121298484
201128328375
201128024414
201148551561
201121084168
201160090773
201121276667
201121907394
201128973316
201116117058
201119912733
201116716025
201121376374
201116633382
201121276610
201116186545
201155896863
201128292140
201121882027
201121186397
201116364346
201116818280
201119912747
201100628145
201121578977
201119137483
201119788971
201119783214
201116285208
201128080132
201116364379
201121084101
201119268718
201153966822
201119285935
201128331617
201119724616
201119245197
201121783177
201148557477
201119645032
201128600097
201121408930
201148551549
201128971728
201128331455
201128085970
201128326760
201121194535
201121233644
201128987626
201119783256
201119775530
201116285207
201121408998
201121663743
201121656194
201119088261
201116119361
201121507832
201119198259
201119899317
201119393094
201128062649
201156163532
201116919322
201116923773
201116364391
201119947085
201128656926
201121090227
201119381884
201116168951
201128572446
201121896453
201119078244
201121121494
201119229816
201128570842
201116119354
201156241329
201128006715
201121733148
201116848377
201116230980
201116155150
201128250724
201119072272
201119971406
201119878645
201128656916
201101488842
201118063853
201116307231
201128377242
201119899381
201121145360
201119296160
201116117045
201119984752
201140910697
201119175166
201121758485
201121318875
201128654109
201119699881
201128307306
201128514409
201153161515
201119864091
201121521145
201121882015
201121647202
201160734336
201121708070
201119515669
201119947099
201128896815
201128360694
201128514428
201116101858
201129577775
201116632059
201128555774
201119900518
201128656940
201119455592
201121019440
201121967261
201119864000
201121314416
201121430162
201128474143
201121121788
201121314433
201121783144
201128497165
201150245573
201116121041
201128062662
201116953763
201141569943
201100628141
201128360614
201119681037
201122249427
201116187514
201119285953
201116831056
201128247162
201121715019
201128656970
201100628189
201121882036
201121715040
201119229803
201121279857
201119142288
201124689937
201116354365
201121754313
201116186530
201119258112
201121095003
201128186962
201119088201
201119783717
201121121728
201128377262
201128062633
201142105033
201128389714
201142101836
201119245125
201121150147
201119699863
201150108265
201128098173
201121061173
201121952570
201128210247
201156163500
201128210244
201119984782
201101488874
201116268832
201119819144
201116325760
201121412429
201116155129
201128377209
201128247139
201121880391
201121639250
201128550874
201121408995
201128006718
201121779680
201119689835
201128210271
201119405091
201121287586
201128247180
201128389716
201156241370
201119258102
201116765858
201116011067
201128226774
201121582909
201119393077
201116101830
201160090781
201121779625
201116121021
201119229875
201119971455
201119349756
201119783244
201157752358
201119266238
201119088253
201119878678
201119198208
201119088227
201142105014
201121507807
201116765827
201128490913
201128226720
201119689860
201119780972
201128973328
201160090710
201121827573
201119681065
201128186960
201128490924
201116731627
201128389775
201119455584
201114419945
201121580143
201128572459
201128721875
201157368976
201116379380
201121507842
201128085978
201119101144
201119640148
201121582916
201119245149
201114419995
201119864015
201119995867
201116268853
201119349773
201128307357
201150245525
201116630072
201119405077
201116911307
201119313818
201119710262
201116716489
201128550894
201119864070
201116364329
201121580155
201119268715
201119349742
201119335928
201119078206
201119971475
201128896885
201116803050
201121896433
201121521131
201119645087
201121273661
201119971437
201121772393
201116121017
201115817593
201114419982
201157635169
201128103816
201121121478
201128273607
201119878642
201121269483
201119567396
201121952535
201128570844
201116906403
201142105022
201119286373
201128292120
201128450986
201121095028
201119515616
201116307223
201128885029
201116200576
201116650160
201119775577
201148551515
201116121001
201128572406
201121276648
201116848371
201119783222
201119316578
201124271830
201115817548
201128450998
201119316539
201128360674
201119229805
201128772152
201116831081
201121647251
201121014364
201160158829
201100628159
201116354318
201128973372
201116117016
201116820872
201116200588
201114419941
201128465482
201121194587
201119943759
201150108297
201119637737
201121408957
201128024495
201128292149
201119567317
201116923782
201116946889
201128876121
201119592792
201121186303
201154442847
201128474130
201121150139
201121578914
201119088260
201121578964
201119912783
201128292147
201121708061
201128765968
201116011040
201121073880
201157061294
201116650136
201116077260
201116731633
201128465487
201121014324
201119995825
201121639271
201128292100
201121779695
201128876170
201128490952
201119881439
201121061128
201116735472
201116731654
201119285981
201121186353
201122249412
201160158818
201119724678
201121452026
201128555754
201128331416
201121452029
201128160389
201119335909
201128226759
201157635177
201121269435
201119640134
201128885007
201128876143
201119900595
201119995880
201128230733
201116820839
201121061163
201155896881
201128361094
201128230736
201128474184
201128820590
201119381817
201141824038
201121276659
201128876163
201128062638
201119337906
201116735403
201119293515
201120436573
201116176313
201116398181
201116923750
201119405056
201116716059
201116176338
201116364341
201128210213
201116117036
201119258182
201119349758
201121287584
201128062636
201119142275
201128331476
201120436541
201116799217
201128307318