22390204819
22390205495
22390207375
22390207701
22390207044
22390202474
22390209663
22390208640
22390202220
22390207679
22390203705
22390207232
22390204833
22390207159
22390203836
22390205627
22390207753
22390204844
22390200931
22390203335
22390200015
22390207745
22390204126
22390201280
22390208050
22390206432
22390201852
22390209311
22390209135
22390200646
22390206232
22390202075
22390204130
22390208322
22390208560
22390205590
22390207793
22390203466
22390204298
22390203735
22390200487
22390207497
22390203834
22390202676
22390200056
22390208538
22390204436
22390203965
22390204715
22390206122
22390204845
22390209271
22390203912
22390201276
22390202253
22390208798
22390207953
22390209006
22390201727
22390204539
22390208136
22390204959
22390203823
22390201598
22390205705
22390208007
22390208284
22390204615
22390207399
22390201525
22390207198
22390202311
22390200935
22390207031
22390203708
22390204762
22390205193
22390208460
22390203804
22390200036
22390208783
22390207647
22390203677
22390208961
22390205624
22390204594
22390206277
22390209782
22390206096
22390206929
22390207378
22390205891
22390209604
22390208019
22390204142
22390207268
22390201151
22390200560
22390208268
22390206756
22390209707
22390204263
22390209497
22390209510
22390204541
22390201990
22390206325
22390200137
22390203876
22390209679
22390207129
22390201055
22390208117
22390207342
22390205397
22390206312
22390202612
22390203429
22390206974
22390201468
22390205970
22390204565
22390206228
22390208668
22390204591
22390203868
22390204158
22390200259
22390203388
22390203725
22390201639
22390200099
22390203003
22390207545
22390207474
22390202394
22390206802
22390208401
22390209888
22390204176
22390208406
22390201179
22390203450
22390202257
22390207299
22390204405
22390200105
22390207346
22390201255
22390207648
22390209226
22390207549
22390205409
22390203981
22390206195
22390202585
22390203306
22390204555
22390200964
22390208603
22390203925
22390202511
22390201072
22390209618
22390203882
22390208113
22390200503
22390205251
22390206464
22390201231
22390200852
22390209240
22390202508
22390207048
22390205453
22390204645
22390205289
22390200691
22390203117
22390202378
22390205067
22390201028
22390200234
22390204185
22390200515
22390202120
22390201492
22390209358
22390207236
22390204847
22390209459
22390201260
22390206494
22390201691
22390202028
22390208395
22390203760
22390203769
22390208234
22390206411
22390203221
22390201181
22390202369
22390208325
22390200869
22390201192
22390206265
22390202416
22390208914
22390206227
22390205123
22390206513
22390202880
22390204083
22390208887
22390202637
22390207629
22390207739
22390204479
22390206133
22390209747
22390202833
22390208897
22390205788
22390203276
22390203961
22390208411
22390203224
22390201701
22390209316
22390207132
22390208770
22390201853
22390204763
22390200521
22390201447
22390200723
22390205714
22390208380
22390205901
22390203345
22390201878
22390201946
22390206521
22390209250
22390203650
22390202507
22390209429
22390209839
22390209003
22390203489
22390204210
22390202991
22390200163
22390201007
22390209992
22390208102
22390200707
22390203900
22390204617
22390209504
22390201657
22390207424
22390206256
22390202705
22390202194
22390202525
22390205562
22390209655
22390200280
22390209711
22390203546
22390206134
22390206307
22390201105
22390205757
22390205021
22390200116
22390208468
22390206090
22390204192
22390209017
22390201271
22390202248
22390207752
22390209066
22390203643
22390209878
22390204874
22390201357
22390206587
22390200098
22390205007
22390201363
22390206757
22390201804
22390200797
22390209359
22390203311
22390205427