972599731149
972599735113
972599731853
972599730303
972599736632
972599732862
972599739711
972599738034
972599730414
972599734664
972599734742
972599734252
972599732751
972599730200
972599734445
972599738789
972599730840
972599739044
972599733445
972599733774
972599734283
972599730017
972599737862
972599737687
972599734212
972599739309
972599734921
972599733143
972599736429
972599734718
972599735227
972599732148
972599731464
972599731051
972599735962
972599739647
972599734231
972599732380
972599737425
972599736118
972599731073
972599736447
972599733327
972599738496
972599735989
972599738315
972599735096
972599738059
972599738820
972599736093
972599737077
972599734891
972599738228
972599739732
972599732039
972599731928
972599732431
972599739669
972599734230
972599733889
972599737060
972599732261
972599739188
972599730518
972599737836
972599736087
972599738099
972599732263
972599736276
972599732620
972599736515
972599732183
972599736141
972599738242
972599736723
972599737101
972599730597
972599734890
972599735897
972599730321
972599732247
972599736390
972599734794
972599738256
972599730604
972599739210
972599736940
972599732146
972599732368
972599737430
972599734480
972599739630
972599734187
972599733325
972599732435
972599733455
972599734583
972599737553
972599731687
972599734587
972599731665
972599737709
972599737849
972599731117
972599738154
972599731349
972599731064
972599738501
972599730880
972599732650
972599730585
972599738121
972599730304
972599738448
972599735459
972599734402
972599737644
972599738035
972599736689
972599739335
972599730951
972599738291
972599733018
972599732107
972599738257
972599738243
972599739919
972599731610
972599734754
972599736049
972599736901
972599734031
972599731804
972599732813
972599739825
972599730944
972599738726
972599737285
972599730985
972599730066
972599736178
972599731209
972599731532
972599734340
972599730511
972599736853
972599730925
972599736995
972599731645
972599732594
972599736323
972599736512
972599730428
972599730567
972599737521
972599738108
972599734362
972599732111
972599738533
972599730169
972599736951
972599731226
972599739431
972599737604
972599737955
972599739006
972599733583
972599731946
972599737661
972599739716
972599732461
972599736990
972599730014
972599733094
972599732018
972599731208
972599732272
972599736778
972599734860
972599738312
972599736318
972599730900
972599735793
972599736350
972599732988
972599730612
972599737691
972599731886
972599733975
972599734006
972599733210
972599735891
972599731992
972599732943
972599734447
972599731859
972599739883
972599737576
972599731320
972599734591