Number
96876600028
96876600215
96876600305
96876600453
96876600464
96876600474
96876600505
96876600527
96876600590
96876600689
96876600914
96876600970
96876601003
96876601246
96876601313
96876601404
96876601432
96876601612
96876601797
96876601885
96876602006
96876602073
96876602334
96876602580
96876602688
96876602689
96876602738
96876603184
96876603198
96876603222
96876603251
96876603353
96876603650
96876603837
96876603906
96876604443
96876604582
96876604624
96876604650
96876604840
96876604898
96876604958
96876605034
96876605268
96876605428
96876605557
96876605663
96876605953
96876605988
96876605996
96876606273
96876606406
96876606511
96876606526
96876606677
96876606691
96876606983
96876607216
96876607424
96876607679
96876607713
96876607718
96876607850
96876607925
96876608252
96876608489
96876608577
96876608798
96876608985
96876608989
96876609006
96876609017
96876609059
96876609146
96876609264
96876609279
96876609695
96876610194
96876610292
96876610453
96876610493
96876610498
96876610581
96876610838
96876610976
96876611080
96876611570
96876611672
96876611680
96876611827
96876611944
96876611999
96876612003
96876612458
96876612553
96876612740
96876612752
96876612863
96876612891
96876613003
96876613079
96876613085
96876613147
96876613339
96876613545
96876613555
96876613591
96876613822
96876613912
96876613931
96876614156
96876614224
96876614234
96876614239
96876614333
96876614433
96876614452
96876614699
96876614880
96876614933
96876615371
96876615593
96876615602
96876615667
96876615747
96876615802
96876615815
96876615879
96876615889
96876616086
96876616224
96876616314
96876616334
96876616346
96876616689
96876616758
96876616799
96876616871
96876617004
96876617044
96876617261
96876617386
96876617387
96876617390
96876617391
96876617506
96876617647
96876617650
96876617838
96876618057
96876618071
96876618206
96876618229
96876618355
96876618499
96876618618
96876618642
96876618704
96876618732
96876618963
96876619022
96876619067
96876619379
96876619396
96876619422
96876619499
96876619647
96876619817
96876619840
96876619898
96876620190
96876620388
96876620575
96876620712
96876620748
96876620785
96876621173
96876621191
96876621285
96876621331
96876621359
96876621383
96876621579
96876621778
96876621851
96876621919
96876622366
96876622569
96876622712
96876622729
96876622730
96876622830
96876622847
96876622904
96876623060
96876623139
96876623161
96876623211
96876623221
96876623464
96876623502
96876623503
96876623671
96876623781
96876623864
96876624160
96876624230
96876624247
96876624344
96876624355
96876624445
96876624625
96876624686
96876624708
96876625009
96876625018
96876625023
96876625044
96876625247
96876625320
96876625376
96876625468
96876625824
96876626094
96876626113
96876626139
96876626158
96876626201
96876626206
96876626244
96876626313
96876626433
96876626495
96876626502
96876626600
96876626812
96876626823
96876626885
96876626987
96876627069
96876627103
96876627113
96876627207
96876627234
96876627329
96876627404
96876627453
96876627476
96876627483
96876627580
96876627685
96876627721
96876627743
96876627937
96876628015
96876628254
96876628282
96876628427
96876628461
96876628541
96876628589
96876628659
96876628692
96876628699
96876628746
96876628938
96876629018
96876629103
96876629165
96876629377
96876629421
96876629617
96876629727
96876629752
96876629882
96876630035
96876630074
96876630119
96876630151
96876630152
96876630196
96876630373
96876630552
96876630590
96876630655
96876630731
96876630799
96876630845
96876630864
96876630933
96876630938
96876630950
96876630984
96876631005
96876631063
96876631079
96876631121
96876631153
96876631168
96876631215
96876631302
96876631315
96876631418
96876631470
96876631485
96876631623
96876631653
96876631739
96876631756
96876631777
96876632035
96876632054
96876632152
96876632655
96876632842
96876632924
96876632929
96876633116
96876633226
96876633243
96876633283
96876633336
96876633365
96876633491
96876633546
96876633640
96876633724
96876633744
96876633780
96876633840
96876633879
96876633985
96876634146
96876634235
96876634256
96876634372
96876634418
96876634463
96876634511
96876634566
96876634574
96876634596
96876634788
96876634795
96876634832
96876635079
96876635310
96876635378
96876635548
96876635631
96876635720
96876635794
96876635842
96876635913
96876636088
96876636229
96876636231
96876636354
96876636421
96876636509
96876636525
96876636663
96876636689
96876636700
96876636702
96876636703
96876636741
96876636797
96876636798
96876636799
96876636978
96876637078
96876637216
96876637236
96876637253
96876637318
96876637577
96876637734
96876637737
96876637843
96876638025
96876638127
96876638248
96876638568
96876638734
96876639084
96876639110
96876639223
96876639230
96876639272
96876639275
96876639298
96876639330
96876639498
96876639514
96876639563
96876639604
96876639617
96876639675
96876639727
96876639741
96876639863
96876639894
96876639981
96876640026
96876640174
96876640233
96876640288
96876640295
96876640298
96876640526
96876640657
96876640879
96876641167
96876641283
96876641311
96876641452
96876641537
96876641581
96876641600
96876641678
96876641975
96876642113
96876642601
96876642638
96876642878
96876642910
96876642930
96876642967
96876643076
96876643089
96876643180
96876643247
96876643412
96876643502
96876643629
96876643633
96876643722
96876643728
96876643776
96876643947
96876644006
96876644081
96876644137
96876644170
96876644183
96876644246
96876644269
96876644286
96876644310
96876644404
96876644813
96876644839
96876645112
96876645246
96876645284
96876645413
96876645438
96876645562
96876645958
96876646000
96876646084
96876646162
96876646493
96876646538
96876646634
96876646653
96876646723
96876647022
96876647062
96876647289
96876647369
96876647511
96876647695
96876647948
96876648038
96876648052
96876648083
96876648131
96876648204
96876648247
96876648282
96876648350
96876648379
96876648609
96876648701
96876648710
96876648866
96876648963
96876649120
96876649164
96876649167
96876649284
96876649387
96876649518
96876649523
96876649548
96876649573
96876649581
96876649645
96876649698
96876649744
96876649753
96876649761
96876649789
96876649791
96876649792
96876649867
96876649926
96876650079
96876650609
96876650620
96876650624
96876650651
96876650666
96876650679
96876650778
96876650784
96876650832
96876650847
96876650887
96876651078
96876651106
96876651137
96876651165
96876651372
96876651457
96876651499
96876651593
96876652108
96876652180
96876652506
96876652614
96876652660
96876652676
96876652725
96876652893
96876652925
96876652932
96876652977
96876653079
96876653515
96876653646
96876653728
96876654069
96876654114
96876654411
96876654441
96876654593
96876654880
96876654922
96876654946
96876654983
96876655134
96876655171
96876655205
96876655323
96876655332
96876655358
96876655368
96876655620
96876655650
96876655678
96876655689
96876655749
96876655765
96876655800
96876655821
96876656016
96876656029
96876656074
96876656282
96876656341
96876656491
96876656576
96876656731
96876656803
96876656866
96876656898
96876656940
96876657098
96876657318
96876657451
96876657510
96876657603
96876657904
96876657939
96876657944
96876658100
96876658285
96876658398
96876658419
96876658799
96876658898
96876659299
96876659458
96876659480
96876659765
96876660006
96876660140
96876660457
96876660469
96876660709
96876661171
96876661305
96876661359
96876661387
96876661544
96876661556
96876661577
96876661589
96876661672
96876661949
96876661973
96876662095
96876662399
96876662425
96876662538
96876662576
96876662605
96876662614
96876662623
96876662688
96876662695
96876662773
96876662890
96876662944
96876663086
96876663281
96876663434
96876663682
96876663709
96876664026
96876664104
96876664244
96876664301
96876664306
96876664354
96876664451
96876664515
96876664634
96876664678
96876664738
96876664944
96876665025
96876665091
96876665140
96876665300
96876665306
96876665325
96876665371
96876665417
96876665430
96876665436
96876665444
96876665461
96876665549
96876665799
96876665869
96876665967
96876666194
96876666348
96876666392
96876666793
96876666808
96876666925
96876666996
96876667205
96876667518
96876667664
96876667732
96876667820
96876667827
96876667851
96876667872
96876667887
96876667894
96876668162
96876668184
96876668411
96876668461
96876668503
96876668562
96876668625
96876668738
96876668806
96876668860
96876669018
96876669078
96876669080
96876669096
96876669344
96876669412
96876669464
96876669473
96876669529
96876669705
96876669706
96876669876
96876670154
96876670263
96876670293
96876670318
96876670373
96876670649
96876670747
96876670787
96876671037
96876671068
96876671191
96876671236
96876671274
96876671280
96876671325
96876671349
96876671360
96876671435
96876671533
96876671734
96876671829
96876671876
96876672006
96876672076
96876672149
96876672301
96876672306
96876672322
96876672385
96876672426
96876672519
96876672573
96876672574
96876672599
96876672758
96876672870
96876673057
96876673161
96876673162
96876673646
96876674005
96876674054
96876674063
96876674141
96876674185
96876674321
96876674458
96876674617
96876674631
96876674742
96876674908
96876675015
96876675050
96876675125
96876675172
96876675210
96876675253
96876675290
96876675556
96876675653
96876675773
96876675799
96876675930
96876676075
96876676081
96876676106
96876676206
96876676223
96876676285
96876676362
96876676712
96876676749
96876676850
96876676888
96876676910
96876677079
96876677221
96876677335
96876677489
96876677595
96876677669
96876677758
96876677771
96876677784
96876677844
96876677848
96876677999
96876678086
96876678206
96876678280
96876678429
96876678466
96876678470
96876678548
96876678612
96876678892
96876679029
96876679042
96876679054
96876679190
96876679422
96876679430
96876679552
96876679597
96876679639
96876679668
96876679796
96876679885
96876679945
96876679947
96876680099
96876680121
96876680288
96876680357
96876680372
96876680475
96876680841
96876681047
96876681086
96876681227
96876681371
96876681642
96876681653
96876681868
96876681931
96876682012
96876682022
96876682119
96876682131
96876682203
96876682286
96876682288
96876682293
96876682339
96876682359
96876682384
96876682512
96876682534
96876682606
96876682725
96876682727
96876682760
96876682818
96876682893
96876682946
96876683069
96876683182
96876683279
96876683518
96876683584
96876683607
96876683915
96876683998
96876684051
96876684061
96876684104
96876684182
96876684261
96876684280
96876684307
96876684412
96876684437
96876684538
96876684592
96876684775
96876684813
96876684888
96876684955
96876685021
96876685060
96876685087
96876685119
96876685212
96876685290
96876685439
96876685466
96876685473
96876685521
96876685708
96876685902
96876685908
96876685960
96876685987
96876686013
96876686025
96876686081
96876686126
96876686353
96876686399
96876686665
96876686725
96876686728
96876686833
96876686839
96876686950
96876686981
96876687160
96876687194
96876687266
96876687354
96876687575
96876687623
96876687642
96876687660
96876687673
96876687741
96876687762
96876687785
96876687790
96876688078
96876688102
96876688103
96876688104
96876688386
96876688398
96876688450
96876688519
96876688645
96876688707
96876688720
96876688727
96876689346
96876689484
96876689583
96876689729
96876689772
96876689799
96876689801
96876689828
96876689894
96876690015
96876690088
96876690332
96876690516
96876690716
96876690883
96876690945
96876691085
96876691126
96876691137
96876691193
96876691367
96876691499
96876691507
96876691537
96876691767
96876691900
96876692035
96876692049
96876692283
96876692381
96876692579
96876692603
96876692809
96876692828
96876692998
96876693084
96876693166
96876693251
96876693336
96876693393
96876693621
96876693815
96876694021
96876694195
96876694225
96876694440
96876694492
96876694644
96876694660
96876694697
96876694741
96876694869
96876694890
96876694943
96876695001
96876695007
96876695073
96876695116
96876695133
96876695236
96876695295
96876695380
96876695381
96876695394
96876695539
96876695629
96876695926
96876695970
96876696117
96876696319
96876696916
96876696974
96876697045
96876697109
96876697176
96876697364
96876697425
96876697460
96876697486
96876697561
96876697707
96876697764
96876697981
96876698086
96876698104
96876698149
96876698321
96876698377
96876698385
96876698433
96876698548
96876698616
96876698739
96876698784
96876698832
96876699038
96876699064
96876699297
96876699400
96876699412
96876699433
96876699673
96876699716
96876699967