221762321664
221761565624
221761678666
221762911481
221766073349
221764027912
221765688992
221767271326
221766622192
221768297547
221766070447
221762397973
221765736669
221769252903
221767753353
221762365568
221761127097
221767758539
221761681881
221766374884
221761263741
221764825252
221769217515
221765338944
221767882618
221761591263
221764385118
221769450202
221766884471
221765186855
221761652122
221762670107
221765331516
221766884310
221763225513
221766441849
221763339879
221765089481
221767818622
221766390447
221764334884
221763816991
221763472346
221765689264
221763223768
221766351703
221763771885
221769454496
221769326113
221768093392
221765036819
221763592308
221764399938
221762367057
221761720912
221769859455
221767545307
221761684923
221765096115
221766385022
221761622040
221765813285
221761643790
221767799799
221764370293
221762460162
221766010639
221762274097
221763247199
221766317685
221766484417
221763853664
221762391204
221765333906
221769569918
221761674929
221765179347
221769260443
221765353330
221764871933
221763493650
221761850493
221769458373
221764336902
221767253425
221767845406
221765661008
221761536853
221769854456
221761267038
221768430874
221766315111
221765355331
221769488387
221767735961
221762275860
221762790583
221767224548
221766670264
221763822557
221763270010
221767826432
221764041393
221761566035
221769470793
221767780137
221762641093
221769136100
221766657949
221762278367
221761585509
221769282145
221766028946
221764767281
221764826169
221767954985
221765072596
221762692326
221761611568
221763440915
221764631475
221766892340
221768065630
221766026376
221766825319
221765632721
221764689542
221765433984
221766338218
221768034026
221765490739
221761681286
221767650161
221761573710
221765364442
221762249459
221762680028
221765086065
221763210206
221762273072
221764865269
221769460304
221765067857
221764382489
221769433417
221761555806
221762383653
221767555106
221764852196
221766892157
221768084194
221761578092
221765683851
221767785897
221769279960
221764823498
221768040331
221765659956
221767854396
221767581266
221765366109
221767249467
221767392796
221765644891
221768021133
221765082104
221762861871
221763484610
221762331689
221767221636
221767528062
221762222650
221762369693
221762639922
221767744965
221765322147
221761628269
221762312803
221769293005
221766438137
221766341051
221763080384
221769272210
221767859296
221766895011
221767971053
221767388686
221764825356
221766883162
221767786681
221761268342
221768023509
221766244922
221766866566
221761893686
221769196310
221767868803
221761527996
221768428990
221766885004
221768676739
221763229510
221769288628
221766626179
221769299905
221762624418
221762687993
221761633927
221765015727
221762395421
221762280531
221769275268
221766350730
221761578991
221768059091
221768284054
221767313006
221761611698
221768258838
221766858037
221767795867
221765340147
221765487792
221762690298
221766019164
221767581268
221769288901
221766337484
221764344557
221763454207
221764831174
221765324722
221766321618
221761579367
221769442493
221761551936
221764617633
221765780151
221765614207
221769296413
221767765489
221763495040
221763856869
221764094927
221766896976
221762814441
221763436549
221761182703
221767631702
221761330569
221764814506
221768274896
221769213810
221769232245
221766012765
221769215207
221769875916
221764631769
221762611118
221767312925
221761672475
221766018648
221765051362
221769839367
221766089433
221769878015
221766060313
221763217568
221767654557
221767315783
221765647248
221768292968
221762642945
221764321910
221764613820
221766465030
221767382563
221765698227
221767586044
221766398240
221767862847
221767317840
221765030139
221765655162
221768058042
221763893932
221767565368
221766966515
221769021416
221765171531
221765687808
221769451902
221768091627
221763832171
221763451149
221764880770
221766624362
221764897216
221769265628
221767840434
221764287817
221764058867
221767856754
221767264154
221769443836
221765766401
221767590005
221768265213
221762654997
221764822236
221763846225
221762293826
221769413546
221767731151
221767268543
221768273138
221761676050
221767272308
221769224962
221767790477
221761590676
221764317436
221769447941
221765088879
221767858806
221769482429
221767398274
221767294177
221765158732
221766859994
221761699406
221761653099
221762332085
221763498644
221763422483
221766395087
221765084505
221765137797
221766438755
221765660341
221762381145
221765095693
221763156849
221766098076
221761641747
221765662656
221767737951
221767742704
221766664850
221763440681
221762184161
221765155791
221762643088
221768250830
221769423800
221763443341
221767878592
221768086316
221763823746
221767740085
221764853331
221764051204
221765027177
221767329594
221769814341
221768083070
221767327666
221766668439
221766669088
221765357445
221767710518
221767534134
221764041481
221764337822
221762381975
221763445786
221769127207
221767357942
221763866045
221769272378
221767514315
221764379273
221764039614
221766826801
221769277474
221762668499
221768018992
221769468647
221765146408
221761935878
221767878641
221761690517
221762295302
221762219111
221769468740
221766084514
221767771928
221769229786
221761521334
221767737538
221767823165
221764372631
221766818056
221764370254
221766436145
221762336711
221766622307
221761534457
221762697891
221769233120
221767736424
221769253028
221764318265
221768214304
221767886633
221763486408
221768287100
221769084653
221762245102
221762422597
221766614608
221766364173
221764827314
221766849358
221767713309
221762265657
221766634920
221766651206
221767873026
221769482089
221769856712
221767240655
221761634335
221763398369
221764881758
221764353609
221766319622
221762272973
221765562785
221766058599
221761570645
221765186062
221764313404
221762242286
221766827544
221766492441
221766644220
221769276668
221765328581
221761686164
221766693606
221767318105
221768273898
221767540380
221768785528
221766414508
221761515415
221767576814
221768296119
221761542303
221765354117
221767419567
221765328554
221764837118
221766829263
221762273363
221761839619
221763412729
221767567191
221765322240
221767762080
221762665468
221764964908
221765673204
221765399159
221769641993
221768529693
221762842468
221769251712
221766311937
221763471255
221767814088
221764380365
221765354470
221765327175
221767812996
221765322869
221762371914
221762345179
221765159212
221769484421
221763232963
221766739758
221762343159
221768031183
221766656430
221767777037
221762212421
221761121066
221763271834
221766498689
221761595418
221761565916
221767281802
221768087154
221769489318
221764316295
221761516433
221767293913
221766051985
221768334136
221767365802
221764331417
221766864297
221767868970
221761577263
221763469327
221768036244
221766815094
221761585232
221768164891
221765055312
221765679114
221767269745
221765433490
221766338554
221767859755
221769123357
221766618493
221767832760
221761813815
221765368450
221769467341
221761871497
221764044908
221762653282
221761578977
221764899736
221765361180
221763212157
221769131887
221761918220
221762325304
221762351797
221769468464
221763910559
221766866288
221763858118
221769865103
221765448298
221765685654
221766318431
221765033715
221765080996
221767559723
221766095244
221767377869
221761454554
221768037886
221761647868
221766439354
221764093895
221764810426
221769430166
221765191387
221767354835
221765395915
221766343110
221769127711
221767569664
221764852752
221765054513
221766424464
221768242211
221763820484
221762383352
221761754557
221765175322
221767570064
221761554566
221767820794
221765915516
221762832153
221767714413
221766398311
221769420346
221766652080
221766879037
221769421047
221766071017
221767881000
221761516884
221768273170
221766095139
221766365361
221769460973
221767844917
221766344068
221766645613
221767267597
221765045509
221762213248
221761135520
221766024125
221769284053
221768283017
221767763042
221763454135
221764074514
221763225585
221768082468
221762684075
221766840014
221763885744
221764064479
221766630043
221766687605
221764064411
221764962063
221766468074
221764874824
221764813534
221767814697
221765150532
221762683674
221761586734
221762398404
221766098751
221762269402
221765072994
221769266094
221764311583
221765388786
221764025320
221767314600
221766645056
221766549987
221764042379
221766526656
221767361626
221765389967
221769434319
221764883730
221764583620
221762282926
221769292330
221761196562
221766040642
221765017623
221766317804
221767497252
221767254153
221763897247
221761932111
221766619381
221762382490
221767219813
221765093613
221766742537
221764653920
221761512480
221765677593
221761629367
221768234723
221767944808
221766365557
221761635610
221763439131
221768234497
221769824651
221765164302
221768239496
221765820283
221763277253
221766499180
221763816630
221767888347
221767841953
221766653866
221769291225
221767250155
221767389122
221769937862
221761554472
221766824324
221763452988
221767742961
221767319286
221762284258
221763423151
221761360517
221766692163
221762213053
221767832591
221767780768
221768010056
221761683280
221767764307
221766012121
221766333511
221761576642
221767737284
221765623139
221765362880
221765380832
221764262737
221762340555
221769297593
221764011106
221769466173
221764733166
221767467484
221763856759
221766055718
221765614919
221763464068
221767792638
221769237127
221761613075
221767898986
221762687284
221762443532
221764315627
221767779052
221762332099
221761963493
221766895449
221764032935
221769278075
221761293172
221765355638
221769458811
221767829781
221764346571
221767514993
221765344502
221767886506
221763382636
221767384057
221765165265
221765690869
221769485255
221766353565
221763896072
221767889280
221764349233
221764825274
221765067813
221767859717
221769211220
221768586413
221763472015
221764345922
221766850044
221769439037
221766357970
221762335860
221768226128
221768222349
221764878960
221763220747
221769473054
221764044778
221766383204
221766432625
221766891175
221765940289
221766677441
221766414294
221762224972
221768226847
221765384990
221761735066
221764821764
221768548361
221767727708
221763493180
221765390505
221769275746
221765399210
221769576866
221763859107
221762352628
221767885717
221767772299
221769222018
221766482993
221765357163
221767732119
221769188817
221766032419
221766626496
221765029141
221764877088
221769452820
221769833354
221764067006
221765331076
221766635182
221763449372
221769250685
221762251089
221767278088
221767278808
221764335489
221763834503
221768590945
221762225411
221768363014
221763879782
221764861298
221761627301
221764367904
221766897417
221766480383
221769213566
221766888407
221765351266
221764896588
221767785718
221768080332
221762635381
221769289532
221768290026
221761585522
221762646608
221764084431
221761527515
221767725879
221762270374
221765660936
221764311314
221766841165
221767818155
221762238910
221765075482
221764820085
221768091797
221767796546
221761662899
221768035344
221766682477
221764655288
221761082169
221763283117
221765018394
221768986020
221761957582
221764810975
221769279703
221763592839
221768225969
221769276179
221767298363
221767795160
221769477292
221767359117
221765622299
221767887804
221767856602
221767735757
221766361893
221764331625
221769846407
221763235595
221767310727
221767785988
221762634780
221765665721
221764864563
221768234974
221763254450
221768077504
221766311166
221763281495
221766641120
221762325465
221762288219
221766360136
221762695899
221766822966
221763258713
221768058434
221764327762
221764358065
221763475502
221768572356
221767712794
221766677046
221765060483
221763258424
221763665468
221767843071
221768235899
221767370142
221763473497
221761547947
221769226341
221766610222
221769260816
221765963686
221762247285
221769611356
221766674790
221769487637
221765036070
221762214474
221764049968
221766623059
221765686915
221767599227
221765691374
221765399598
221764980182
221767585018
221764648733
221762238969
221768237648
221764371871
221761619118
221767811217
221765169896
221763857794
221766077085
221766429834
221764085910
221763882708
221769227470
221763457121
221767272110
221762629231
221763881028
221765359969
221769191092
221763817528
221767263347
221764381852
221765015907
221764261571
221767247226
221763455248
221767571730
221767363275
221768242281
221761699670
221766348085
221761843350
221767851302
221765147875
221764352163
221766388212
221766887879
221769447792
221763859429
221763284055
221768241799
221766677098
221764398038
221769437257
221764915214
221767781765
221763625289
221769237568
221765652901
221764371708
221762235832
221767761880
221767239410
221767712410
221763343283
221765094904
221766015940
221761614280
221766876544
221766616828
221765332034
221763245588
221763696873
221762323091
221763848701
221767781687
221764814378
221767256065
221763446503
221762258461
221767869427
221769319800
221766886175
221762583514
221768163249
221761643271
221765629532
221765643054
221764047126
221766614269
221761690802
221767869754
221764028574
221766623310
221766317923
221767847617
221767867801
221766674250
221766646070
221765361964
221767762855
221763254107
221768263585
221766816648
221767740953
221768733224
221766814980
221768157348
221764433836
221764873919
221763454469
221763440046
221762567973
221764884115
221767116229
221769429699
221763417437
221763815969
221766861113
221769435274
221765388902
221764380951
221765123880
221762652518
221762237694
221762323677
221768299581
221763877935
221763478206
221766396186
221763269020
221761540451
221763578826
221762247892
221766368685
221769231165
221766670438
221766858302
221761167378
221765141389
221767245738
221762638527
221768071843
221763887813
221763890583
221764332124
221763883027
221764836465
221769944156
221767831657
221763784628
221767775259
221763444843
221766840757
221761274618
221763288626
221762262675
221769585977
221766344635
221767785535
221765139378
221768232767
221766896745
221765347974
221766891800
221766656546
221763464282
221764824710
221763827216
221765678845
221767864011
221767779828
221766293984
221766358632
221767755107
221765625018
221767238773
221764257751
221767786272
221761513236
221769936988
221766676387
221765018576
221767865688
221768019081
221766671810
221761744418
221767828872
221769450530
221767510536
221765090885
221761689828
221762228169
221765052254
221764099014
221761573310
221765120357
221765183989
221769122802
221766233005
221768817391
221762232731
221769440272
221767288107
221767586524
221767896837
221767547918
221768266938
221762687767
221767726204
221763230216
221762224704
221766441538
221762274874
221765127843
221766626699
221764895219
221769273773
221761649117
221767522427
221766265420
221766674510
221767710362
221767531010
221765077575
221762612157
221764855620
221768021406
221762370473
221765614590
221765616992
221763385303
221766039407
221762325090
221769920682
221761461375
221767325425
221768051645
221766695844
221768919876
221763293521
221763460222
221769297854
221765690209
221765150679
221766033287
221765640795
221766038800
221769212115
221764038918
221769270099
221767586952
221767438441
221765052822
221762318652
221764378562
221765180940
221761642511
221764890075
221766329360
221762228726
221765080425
221766094330
221768175783
221764814978
221767810116
221768264743
221766356147
221767751348
221766491743
221769954988
221762679081
221763831283
221766629958
221768098481
221764392370
221761629863
221767337616
221764077878
221761636552
221768119599
221765394604
221767878506
221763718336
221761170669
221761558331
221765179152
221766394416
221767875965
221765037660
221766448130
221768097111
221767558696
221766684911
221761616638
221763377321
221767313571
221761633144
221763263335
221763894542
221769257122
221767766834
221765187372
221766492232
221769618243
221764089286
221769468158
221765660151
221764333946
221763433715
221767711845
221766896793
221768513163
221766668354
221767330197
221766661356
221764046056
221762233297
221769453489
221764019611
221766760551
221764094879
221767325663
221766087170
221762672524
221761169100
221762372012
221765399511
221766631117
221762689392
221769449115
221761128769
221767367754
221763489700
221764967998
221769271083
221768043120
221769211540
221765051943
221765192644
221761680122
221765020191
221761542851
221764855944
221761653219
221765063442
221766062566
221766262003
221761691498
221763257752
221764891109
221769163970
221763285012
221761550532
221766019455
221767826211
221763845404
221768091757
221765634770
221767814025
221766361755
221767798448
221767787418
221764853261
221767524540
221761211517
221767228660
221761658028
221769453800
221769226917
221761526574
221769274115
221766387418
221763268870
221765610742
221765079154
221761926479
221768830082
221769280204
221761589555
221764333328
221767877660
221767536652
221765851934
221761556170
221766095376
221766385095
221763426707
221767714109
221764598704
221765085564
221767568368
221768240812
221762350336
221767897696
221765141776
221764056996
221769570364
221766657636
221765346959
221764890680
221769410917
221764056779
221764870939
221763271111
221762327786
221763088594
221763414751
221765172600
221763587969
221765347004
221765535564
221762264394
221766045894
221767530683
221767212447
221762347817
221764015922
221766684355
221767390950
221769480705
221761623554
221765398465
221766868854
221766816532
221764896784
221765346333
221764077117
221766872985
221764813356
221761848544
221762256473
221766357068
221766842934
221767592819
221767575856
221765549748
221764438768
221767294081
221767238375
221764827677
221769369410
221767833805
221769483556
221762261718
221764362695
221768972675
221765344150
221767854722
221767765722
221767770153
221766345716
221767870611
221767849291
221769378199
221766876806
221769254752
221767751058
221765599767
221762347914
221768045543
221769436538
221767587502
221766798503
221766057752
221762634880
221765368279
221763830559
221762690773
221763875748
221769485153
221768011986
221764015181
221767320523
221766460364
221764871307
221761533517
221766951127
221762697581
221765147022
221767745508
221766078168
221763863675
221763484010
221768299604
221761549428
221766864316
221762389464
221768171340
221768152667
221762068474
221763291256
221762295454
221762388759
221767593001
221761531530
221762333292
221763238250
221766410730
221766859888
221764097375
221763229342
221765698220
221765412998
221767738593
221762367874
221767268080
221765321868
221767858924
221762227662
221766452075
221767588183
221765667701
221761881926
221764425620
221767819164
221762380559
221764879782
221762335211
221765351212
221769486850
221765039889
221767741211
221768022585
221761557839
221764397528
221769412116
221761585273
221765698726
221768453101
221768220150
221764075457
221765352539
221766881919
221767254290
221765643377
221765647965
221769467762
221762570688
221761631314
221765361961
221769469527
221766850202
221768022656
221764811833
221765338021
221762394870
221768084308
221767594207
221769438730
221767892431
221769275583
221762612635
221762621369
221765362641
221767741629
221765331115
221765321331
221767822011
221761592189
221766220609
221762267249
221768161232
221763845202
221763244548
221763295842
221765390169
221766053115
221766058179
221764034890
221763235434
221767760342
221765382763
221761570307
221769429099
221768084749
221766412496
221766814932
221766373005
221764853168
221766636602
221764876880
221768075857
221768251592
221763893380
221768255175
221762671806
221762317737
221765669065
221767222963
221766435397
221769587173
221768284928
221762359988
221765611964