100 NOMOR INDONESIA CREATE FREE 
6285702666212
6285702669702
6285702668654
6285702668330
6285702662561
6285702664385
6285702663450
6285702666674
6285702664878
6285702668829
6285702663237
6285702668632
6285702662467
6285702661519
6285702664829
6285702663088
6285702661323
6285702661710
6285702664827
6285702661292
6285702662394
6285702665239
6285702667264
6285702666820
6285702665357
6285702669842
6285702668259
6285702666270
6285702660027
6285702661392
6285702669934
6285702661186
6285702663794
6285702661879
6285702662831
6285702665484
6285702662109
6285702668430
6285702669485
6285702662968
6285702663304
6285702667301
6285702664064
6285702666542
6285702666982
6285702666455
6285702660925
6285702667287
6285702665708
6285702661256
6285702669430
6285702667763
6285702669549
6285702661894
6285702666522
6285702660581
6285702662385
6285702668344
6285702669125
6285702661398
6285702664744
6285702666089
6285702669943
6285702662039
6285702667721
6285702660702
6285702666922
6285702661742
6285702669037
6285702665268
6285702666251
6285702668901
6285702669845
6285702669131
6285702662139
6285702661726
6285702660613
6285702665655
6285702661967
6285702662669
6285702669660
6285702662183
6285702663938
6285702665167
6285702668229
6285702665201
6285702664652
6285702669228
6285702663879
6285702660907
6285702665808
6285702669126
6285702664212
6285702660255
6285702662884
6285702661622
6285702661939
6285702667167
6285702663656
6285702662766