9779802741189
9779823507119
9779818713856
9779815161297
9779815451858
9779820061080
9779709754173
9779801219840
9779708949165
9779813527667
9779700354414
9779823004508
9779817081038
9779817085997
9779827695949
9779709869501
9779804032574
9779813143556
9779807814256
9779802748241
9779700062764
9779806170729
9779801588086
9779708836858
9779827767245
9779807900140
9779708398059
9779704636998
9779805471049
9779810705862
9779704385473
9779820659516
9779706051999
9779704999837
9779816205795
9779820325791
9779825938265
9779707423793
9779820469522
9779819984942
9779807010135
9779701548493
9779819008065
9779829069669
9779708193972
9779701478616
9779824657899
9779805289141
9779809103932
9779706474227
9779820599608
9779801806876
9779704744642
9779824420609
9779708132056
9779700777356
9779811585228
9779802376166
9779705708618
9779702978553
9779827767720
9779826107902
9779702631935
9779822706387
9779806198993
9779804531894
9779802743911
9779824710278
9779700158410
9779706829713
9779807520253
9779704709072
9779822448978
9779813025121
9779822298947
9779812443182
9779706699842
9779800949867
9779821225765
9779822372592
9779814916670
9779828520784
9779824873281
9779708278960
9779814066799
9779709604733
9779818991609
9779701021880
9779803097005
9779827354597
9779705414404
9779806319789
9779807450366
9779801532384
9779804555381
9779822582710
9779828707282
9779705579905
9779824196226
9779817603717
9779823058417
9779702672741
9779805531409
9779701326241
9779709674389
9779818237437
9779822657312
9779814568642
9779804666569
9779804427422
9779702821171
9779708130118
9779700491207
9779700958586
9779829225548
9779702324743
9779823516825
9779818693701
9779708209957
9779821800730
9779701038531
9779821693239
9779807971263
9779817672304
9779813002745
9779825729724
9779818156959
9779804270072
9779706727377
9779806816972
9779827371572
9779702889458
9779822194219
9779707898261
9779704744297
9779820416807
9779827115586
9779708204514
9779812400690
9779803162887
9779814995654
9779810063052
9779807737246
9779708933314
9779815746336
9779817786263
9779821869959
9779821263262
9779804806237
9779826835724
9779821835090
9779820386053
9779707386647
9779800802950
9779807059901
9779816265346
9779820153484
9779808199921
9779826293626
9779817819538
9779822835519
9779824879575
9779816540446
9779707844433
9779702552803
9779803665317
9779802276054
9779829839328
9779802969958
9779809258686
9779824863115
9779817961233
9779815473890
9779811179070
9779801193728
9779807250086
9779701256928
9779815728306
9779823694542
9779700525496
9779703612081
9779800188783
9779813056467
9779812610306
9779701683183
9779801148868
9779701745598
9779806461463
9779827443420
9779807283811
9779811261161
9779709172696
9779828712106
9779705416366
9779810553978
9779821786446
9779709814577
9779816531344
9779801573151
9779705802669
9779823206610
9779704230657
9779701929420
9779701736401
9779811420231
9779704474923
9779821289301
9779703923110
9779807565964
9779802290725
9779811755867
9779827746672
9779820117059
9779816333181
9779826024261
9779810597940
9779707353450
9779823478801
9779803794223
9779802015451
9779706570613
9779810206413
9779802740790
9779801925402
9779703993414
9779804766880
9779806502026
9779704142005
9779810446866
9779813754721
9779820995335
9779707360583
9779824457946
9779817678788
9779803598405
9779813922979
9779812300064
9779700472927
9779802215408
9779705191689
9779813294016
9779809393633
9779810382885
9779700077042
9779825603582
9779829957864
9779829709314
9779819681284
9779706700251
9779822895225
9779816247098
9779819113464
9779826712202
9779804957885
9779706230748
9779826050005
9779810528878
9779708355316
9779823277483
9779822091059
9779817872267
9779821127290
9779814418194
9779815135526
9779705451220
9779704603399
9779800875083
9779814484533
9779704351946
9779828517852
9779811973665
9779801116809
9779816517500
9779822373402
9779824773252
9779811837861
9779808373624
9779800855489
9779823282326
9779708402138
9779806706887
9779809667342
9779826616758
9779821863861
9779708213805
9779701474552
9779829646678
9779706871732
9779823645862
9779806390598
9779805009183
9779802392610
9779816723724
9779823462764
9779709819610
9779813874296
9779812404011
9779817859375
9779805063062
9779702510006
9779703822922
9779821845847
9779814853774
9779817721340
9779825586525
9779829942022
9779703866373
9779704193640
9779803507962
9779805751898
9779812349484
9779705656454
9779805808547
9779824330820
9779815443158
9779804648517
9779818337224
9779824229487
9779825944639
9779813308138
9779825837340
9779812345906
9779707799422
9779808483384
9779808992586
9779803934850
9779816242801
9779809441342
9779708405393
9779709755303
9779708624966
9779708747942
9779708965441
9779823601268
9779709989928
9779709212884
9779704495947
9779821249980
9779815907940
9779828528159
9779709110469
9779807431859
9779803116956
9779709723648
9779803891860
9779817058538
9779704742693
9779801150964
9779827893733
9779701842389
9779813168198
9779825117983
9779707102470
9779813962598
9779803084390
9779814680510
9779702327870
9779803540314
9779707937296
9779823887527
9779709984703
9779827256269
9779823123110
9779828447855
9779708831783
9779702742351
9779808792752
9779804028485
9779808766660
9779706603680
9779811251814
9779703442743
9779708914148
9779700469340
9779820992648
9779814867131
9779801278774
9779824543432
9779709264848
9779702622959
9779820164278
9779829871577
9779704551350
9779806715414
9779814741001
9779814851823
9779802805185
9779820788253
9779806030365
9779829127850
9779707119037
9779819750811
9779806283527
9779709121220
9779820484831
9779705339688
9779706059754
9779709165687
9779708850099
9779709924036
9779815607040
9779812735588
9779704069006
9779822567929
9779704470097
9779817018039
9779817617234
9779807394550
9779815911412
9779815580271
9779819657701
9779709475209
9779819208110
9779703279829
9779806313265
9779824629684
9779706965507
9779806815759
9779706265936
9779828391287
9779700996076
9779817898408
9779827963505
9779811138312
9779702725592
9779820726545
9779822917920
9779818254901
9779702237611
9779817673581
9779828532865
9779709140527
9779822227791
9779704129546
9779820161894
9779814231364
9779820893774
9779701641130
9779814419980
9779805697689
9779705209976
9779809470226
9779802697686
9779700186170
9779702401117
9779709009077
9779826617940
9779826258163
9779828158529
9779826102222
9779821441269
9779818557544
9779701821567
9779705491047
9779702098964
9779813051219
9779704608678
9779814763233
9779700171959
9779816690883
9779810159946
9779813629943
9779809686349
9779815580784
9779804776064
9779700596932
9779829638123
9779822176450
9779801915792
9779825032509
9779709844029
9779706200503
9779801334617
9779819605271
9779809484603
9779809492436
9779827410627
9779810963427
9779810824450
9779828410104
9779704696956
9779803830486
9779708981757
9779705332045
9779704133329
9779707429198
9779707056355
9779817788299
9779701894799
9779822126475
9779818716857
9779820856738
9779827913948
9779709703106
9779700632511
9779703843549
9779818195861
9779822334482
9779813102671
9779706815253