9779826619762
9779701023801
9779822471547
9779800503181
9779805237071
9779701560998
9779803661268
9779706134723
9779803729297
9779803309348
9779822624563
9779822247579
9779829381294
9779704781858
9779800667591
9779823333307
9779807924627
9779828502625
9779708655692
9779828291335
9779703209055
9779819480219
9779704118893
9779807471402
9779824807958
9779808051973
9779707293301
9779818256891
9779708311502
9779821255919
9779815041584
9779802198431
9779801358241
9779700776603
9779804492079
9779817118471
9779811203141
9779812545366
9779704981412
9779824516286
9779709279791
9779812242038
9779817215499
9779702527673
9779708901274
9779822670348
9779705021480
9779702609148
9779826518063
9779822495907
9779817887265
9779803956298
9779706084191
9779818044505
9779814867596
9779817993589
9779805777679
9779810521053
9779807262236
9779819579360
9779810766430
9779826995799
9779817010571
9779709530736
9779813333199
9779701079459
9779709936814
9779821352189
9779813612175
9779820215868
9779812482690
9779807623525
9779704716022
9779709862118
9779812485878
9779703520462
9779814222742
9779808955316
9779822310632
9779704388900
9779813350622
9779806719036
9779709002881
9779707669263
9779707514649
9779823466636
9779805064179
9779708617928
9779817024410
9779705367434
9779820455654
9779803101321
9779704055850
9779821462762
9779822176633
9779708396211
9779703241609
9779708401732
9779804422337
9779819072741
9779827715692
9779703528453
9779814296001
9779807285405
9779709476920
9779811156069
9779801508121
9779802354016
9779703587403
9779817121412
9779817019610
9779703427554
9779706458866
9779815400998
9779704558390
9779708157283
9779826953861
9779804347197
9779704798464
9779809091289
9779815290123
9779814043493
9779814772671
9779708294482
9779703534398
9779829659294
9779818768987
9779811767151
9779804473556
9779826546699
9779801204311
9779705830178
9779708494816
9779815917808
9779813050137
9779703469731
9779827080589
9779824214652
9779815128344
9779804658715
9779829410269
9779703563518
9779700612630
9779702147020
9779701060162
9779809142515
9779802899964
9779815739465
9779704994682
9779822372991
9779800718113
9779820247019
9779708708760
9779805916007
9779702269957
9779702146909
9779821082396
9779706851596
9779702219701
9779826837412
9779701318260
9779804739733
9779703717147
9779828397583
9779704156295
9779812386830
9779700265317
9779703582843
9779702938404
9779810282860
9779806894899
9779827689686
9779803845001
9779810122910
9779703585783
9779813857703
9779708018527
9779803646307
9779803354402
9779703037339
9779822764265
9779807585008
9779819570509
9779703146464
9779801003008
9779702979659
9779816860388
9779709391490
9779827360569
9779707280312
9779706708258
9779824720478
9779829203391
9779806809844
9779704759738
9779703275675
9779827902651
9779705931435
9779817370768
9779820814019
9779828088425
9779708977090
9779805793645
9779707794831
9779703244807
9779823593294
9779824315450
9779818628984
9779705985786
9779706353292
9779811200637
9779802720130
9779809008753
9779709456461
9779801071809
9779701706020
9779807943227
9779824155715
9779813926192
9779818003876
9779823860292
9779820729903
9779703115248
9779826972739
9779800944731
9779703551855
9779819106042
9779825739775
9779815842131
9779815992700
9779809513716
9779703031354
9779804402181
9779703298185
9779706630176
9779800882508
9779703043541
9779708571369
9779804487391
9779804343694
9779819555964
9779811918053
9779823580981
9779706355832
9779826481105
9779829410031
9779815911515
9779802718604
9779802577716
9779706312475
9779701343145
9779806818860
9779802028507
9779829715493
9779800823147
9779810582214
9779706098736
9779817432519
9779821734296
9779821739845
9779704485655
9779817616264
9779805078384
9779702298184
9779812698370
9779814740634
9779814498652
9779810664644
9779807743499
9779705145975
9779825719886
9779708635106
9779815785858
9779815887778
9779707592648
9779705995210
9779802322752
9779800552640
9779829440605
9779702438464
9779709451317
9779825350188
9779828061511
9779826458759
9779820385368
9779820375486
9779808792864
9779821892504
9779827528498
9779825827969
9779819332827
9779708143561
9779812586600
9779704583071
9779700598997
9779708497040
9779825670786
9779803561269
9779813066455
9779800989778