9779806986580
9779702410248
9779818107686
9779803328135
9779705639435
9779812149725
9779814579418
9779820195919
9779819454677
9779706111868
9779703025127
9779804881369
9779825739273
9779804952055
9779818870555
9779703304718
9779829879401
9779808354727
9779705294147
9779704782133
9779801951776
9779708983523
9779708010587
9779702441699
9779801717877
9779829914418
9779704142636
9779802588445
9779808844606
9779703713074
9779823412569
9779708531171
9779817265712
9779705177902
9779818763276
9779808280345
9779809621661
9779707671428
9779812050327
9779815559180
9779820633279
9779805900162
9779701850475
9779700805612
9779818254528
9779801672035
9779822427136
9779812810579
9779803659846
9779818237904
9779823669000
9779821541457
9779701619614
9779704595538
9779822818786
9779819524166
9779701551063
9779807218902
9779827130145
9779821209281
9779806292233
9779808827988
9779707415639
9779810853841
9779811468389
9779702937141
9779806421206
9779804214059
9779810291214
9779702693806
9779704544001
9779823044296
9779701303691
9779809598600
9779818183174
9779813026180
9779820570951
9779810972032
9779824905046
9779803234783
9779822999746
9779828652456
9779806343244
9779704943657
9779707947689
9779820766965
9779819854303
9779801341680
9779810428378
9779800837768
9779816595096
9779816346141
9779706361733
9779811544627
9779707196150
9779813694758
9779821494291
9779809061167
9779808276660
9779802891092
9779825034786
9779812498595
9779810719626
9779823022039
9779802102023
9779701905545
9779702050433
9779823183106
9779706080457
9779829287545
9779700771585
9779807275815
9779706727946
9779709791955
9779703779666
9779702287447
9779829380848
9779816835553
9779816081128
9779700688738
9779703014064
9779819654293
9779807553406
9779824656502
9779706876523
9779822763225
9779800772565
9779816276995
9779806376287
9779816118290
9779803946434
9779700553391
9779800932137
9779808440027
9779812934805
9779704968412
9779820830127
9779703724103
9779708190661
9779703298852
9779810617707
9779823653121
9779808880709
9779819804191
9779806749817
9779813673051
9779705601250
9779820130704
9779808106329
9779826854575
9779827976934
9779818069377
9779826643066
9779709619024
9779822245846
9779706828794
9779802507874
9779805449993
9779702143441
9779814162635
9779825123794
9779812295114
9779706815622
9779800322195
9779820380351
9779707381703
9779708386189
9779808163271
9779701355364
9779816592570
9779827850841
9779816573789
9779804924917
9779809791036
9779801894067
9779810396263
9779823478297
9779817744034
9779704736089
9779708101194
9779804188393
9779814102566
9779704221278
9779800278159
9779805276571
9779808166283
9779811148939
9779811969134
9779819398815
9779822843829
9779709896316
9779825517291
9779707651802
9779707380774
9779824679756
9779803645675
9779818949234
9779825002537
9779826677093
9779803481587
9779819408636
9779826550851
9779824218995
9779806218408
9779815995132
9779823462270
9779823917909
9779822189615
9779813537548
9779806170593
9779811175731
9779709597048
9779707622077
9779704846504
9779815396894
9779700609029
9779812710667
9779801234596
9779807978292
9779803925980
9779705864928
9779817831920
9779827818462
9779700730886
9779811697031
9779704202276
9779823922818
9779801478458
9779804067381
9779813998070
9779804699766
9779803666602
9779821630500
9779817037316
9779806329837
9779813715424
9779705622931
9779804039769
9779811599096
9779705848483
9779802983747
9779809850730
9779806159230
9779820484831
9779800509137
9779818798877
9779826820898
9779707672644
9779705733055
9779820991134
9779828182279
9779817954696
9779701278066
9779812627169
9779705450346
9779803882264
9779811116003
9779827523325
9779815695461
9779705851316
9779806702354
9779806806306
9779807094003
9779826634948
9779803378609
9779702342633
9779817233359
9779702578290
9779700134415
9779809087382
9779805698937
9779811922985
9779823023727
9779815684274
9779803080221
9779827127301
9779819330130
9779827959455
9779703651811
9779827745164
9779829463665
9779824074547
9779800799541
9779825297258
9779811050889
9779825649609
9779810087983
9779817855239
9779818207760
9779802431015
9779802254673
9779829661971
9779823781230
9779801925300
9779702558154
9779802724146
9779705695704
9779707082384
9779800072920
9779804922141
9779806754677
9779701478747
9779817681615
9779705961371
9779829187943
9779815315749
9779801774301
9779707058697
9779700006728
9779804006136
9779808329916
9779700366215
9779702345874
9779707687695
9779815182478
9779811556830
9779818786481
9779829099326
9779810563501
9779809033560
9779707134721
9779708483285
9779705887585
9779821558444
9779709880809
9779804412370
9779701111162
9779810918956
9779700960620
9779805446661
9779708920699
9779709366198
9779703410217
9779804658395
9779700023720
9779801925128
9779813984534
9779708449130
9779825647708
9779809604209
9779800976977
9779706763786
9779821785679
9779823479178
9779824186140
9779801252924
9779700590854
9779800500836
9779708601276
9779810719313
9779708803071
9779802564561
9779702321710
9779823587629
9779806153248
9779803832554
9779706686937
9779814666868
9779824439135
9779811253882
9779703566532
9779705740076
9779705735378
9779808886749
9779800455293
9779704707857
9779822685945
9779807899954
9779705362473
9779709716606
9779701635087
9779804816711
9779800552243
9779810670284
9779805753560
9779818770569
9779819331630
9779826654995
9779706109811
9779807622914
9779807608031
9779804296367
9779700348466
9779702339284
9779828858411
9779806548648
9779807288019
9779824699406
9779827852040
9779809854383
9779809606349
9779827397020
9779818900502
9779706063798
9779813719926
9779820593084
9779701979445
9779808861607
9779808666333
9779806793942
9779817241850
9779815262006
9779812717738
9779827650366
9779826311850
9779703395673
9779814379420
9779709418448
9779804413048
9779818981695
9779808451477
9779707328317
9779701954878
9779812240706
9779820632024
9779808465842
9779807988730
9779808095129
9779827660587
9779812254204
9779802655905
9779818145964
9779704447153
9779819113868
9779828966844
9779702590140
9779709646052
9779819234966
9779701924217
9779700665100
9779808828895
9779829985744
9779708385733
9779808395216
9779800367971
9779704043581
9779810663629
9779708681809
9779800904671
9779803794463
9779810485016
9779700088306
9779827592991
9779703178957
9779805264621
9779700217749
9779828832502
9779804737966
9779825244436
9779829227071
9779823823399
9779705174025
9779700763024
9779808219186
9779825545214
9779703238219
9779704020476
9779801008081
9779818112550
9779828730265
9779819243578
9779809842224
9779812526600
9779829518457
9779806159320
9779803339665
9779705231711
9779805933388
9779817077424
9779704169127
9779803352735
9779821331020
9779819901337
9779805909364
9779815647128
9779702367385
9779826609031
9779700666941
9779802465841
9779707056461
9779820624321
9779819325059
9779814622584
9779802128838
9779801101031
9779824122389
9779801950339
9779807857554
9779702732196
9779707317921
9779824706369
9779801670379
9779706162914
9779701050284
9779709739905
9779704117386
9779808813490
9779705511585
9779706666308
9779816314234