9779824712789
9779707418766
9779818467149
9779700961480
9779817468102
9779829911535
9779801125255
9779820316888
9779705361765
9779701088372
9779829054185
9779807080994
9779700596057
9779706060165
9779815343835
9779808474397
9779709206964
9779819748778
9779815212461
9779823473150
9779828964177
9779811956128
9779812861860
9779702152229
9779815858331
9779803555747
9779829171113
9779818706105
9779816565599
9779821993441
9779706882244
9779809392510
9779706931886
9779706933940
9779808042374
9779700418825
9779803044441
9779821308499
9779704734441
9779819791627
9779811754930
9779810748673
9779806641254
9779823831676
9779803863218
9779803773618
9779819729963
9779821904988
9779707135658
9779820551365
9779807356801
9779708544676
9779804341174
9779709635798
9779819651958
9779825977178
9779806422684
9779703351368
9779806914084
9779807930796
9779825369634
9779803402560
9779819429407
9779803818651
9779706192491
9779708808038
9779703821655
9779702860277
9779815682126
9779706194505
9779813134735
9779709927812
9779704531609
9779819074192
9779826537889
9779829952482
9779819073990
9779800885584
9779708651541
9779809796925
9779823797430
9779819223909
9779705810408
9779812149031
9779819250835
9779704371689
9779812713071
9779804933272
9779703748946
9779804097409
9779704377803
9779808499372
9779827825755
9779700044491
9779706629684
9779702418470
9779827347605
9779708436206
9779704574627
9779829387971
9779803805673
9779809717920
9779709464717
9779809184427
9779829459489
9779825542683
9779824667467
9779809664731
9779800204043
9779811442534
9779822869310
9779804762078
9779704880251
9779811308463
9779818836663
9779814427896
9779826354145
9779809334688
9779825423779
9779827802644
9779800406491
9779708684841
9779704562036
9779810172886
9779821041918
9779801671394
9779824977731
9779826183958
9779814963979
9779822571193
9779700858742
9779828743195
9779702404862
9779703878851
9779700711581
9779821834473
9779807177254
9779702447973
9779809205267
9779819243183
9779705706824
9779811975973
9779809907482
9779828614200
9779825818328
9779802221941
9779816721564
9779828095219
9779704479854
9779809805248
9779703218529
9779828261593
9779809391138
9779805231287
9779811289416
9779807139496
9779704829791
9779703896112
9779708932366
9779704604194
9779821819012
9779821486332
9779816739039
9779821082927
9779810942302
9779810169913
9779701244931
9779700034943
9779804673499
9779803559301
9779816755389
9779828286725
9779812714964
9779702694330
9779703923055
9779808877457
9779815831170
9779800775483
9779705497848
9779810725124
9779810544202
9779702413394
9779809452606
9779810219110
9779702574135
9779821322591
9779709484401
9779813702635
9779807864271
9779813009433
9779702868505
9779816217753
9779815623921
9779700480781
9779709182851
9779708270590
9779702494942
9779804982176
9779823658555
9779806190725
9779828662891
9779803564966
9779801335233
9779805071117
9779806807069
9779807195498
9779703755460
9779829335867
9779701603875
9779705948610
9779804541947
9779703849956
9779822725419
9779818633402
9779823312920
9779818557762
9779700538281
9779816487454
9779819605271
9779829119496
9779702419671
9779705631379
9779823198340
9779821746344
9779828154121
9779800018553
9779815301149
9779705135797
9779708563978
9779808606995
9779800569366
9779820354938
9779812669679
9779706749245
9779707364815
9779803888355
9779819743968
9779802726147
9779706967303
9779800518203
9779823002622
9779812825599
9779800918305
9779829766420
9779700147870
9779823014169
9779701380237
9779828302603
9779827210515
9779819931644
9779827985318
9779826747645
9779709456570
9779706915112
9779827083584
9779708938581
9779800052792
9779820064631
9779828314741
9779807369838
9779814885982
9779707814188
9779703580595
9779800885944
9779827936761
9779807085732
9779701546252
9779802700333
9779825664480
9779820124258
9779706511242
9779708926397
9779826749520
9779826307783
9779815690075
9779811589610
9779704668352
9779825830152
9779820889060
9779820439637
9779707195783
9779700076766
9779810444097
9779705759934
9779811785862
9779825517281
9779822484376
9779702017239
9779807718026
9779805256122
9779824188216
9779827447772
9779822862982
9779702641506
9779803799746
9779829896652
9779821612001
9779820876416
9779800323056
9779815873904
9779709280974
9779822535952
9779818554115
9779810789654
9779703868281
9779818808927
9779823156616
9779806841920
9779800130914
9779826209330
9779705465744
9779827105754
9779811696997
9779802125272
9779811924913
9779813345668
9779700343678
9779709246564
9779816755247
9779803345990
9779702045980
9779704862975
9779706481690
9779801681069
9779813262622
9779814349911
9779704174336
9779816989004
9779828815156
9779802662704
9779820058879
9779809763017
9779708622047
9779810993431
9779808750495
9779704579883
9779827711730
9779820902535
9779804098746
9779829142668
9779708874078
9779822060163
9779806976613
9779809500752
9779813939286
9779825059557
9779802818974
9779818645196
9779816488711
9779802430399
9779802487485
9779824529595
9779701260003
9779802988078
9779802591973
9779820681488
9779827130215
9779806936113
9779815858216
9779808399165
9779822516905
9779823738991
9779827062367
9779823005972
9779824589278
9779804417929
9779811612267
9779813606427
9779827907036
9779818431528
9779704624971
9779816793529
9779709030455
9779807515983
9779808242818
9779816368772
9779802966963
9779809235719
9779807761624
9779828649404
9779703996143
9779828536574
9779700912595
9779708708041
9779703030940
9779812427124
9779704320154
9779812645984
9779704453355
9779817231539
9779814919471
9779805415395
9779703452439
9779701313313
9779806853872
9779809055703
9779825585306
9779808494193
9779815556009
9779806359585
9779704416167
9779812887219
9779803278186
9779709741454
9779810949328
9779807814286
9779819784958
9779806418156
9779804150115
9779829517617
9779817814737
9779817331579
9779827463091
9779802511268
9779708049640
9779801372835
9779704060748
9779825419741
9779822209681
9779702912777
9779821223128
9779802059886
9779707505188
9779805010738
9779705752457
9779815567480
9779807176076
9779809030648
9779808714182
9779817159524
9779806025574
9779825692850
9779821581897
9779810190152
9779810453721
9779802529017
9779819470478
9779820300272
9779701567507
9779707875064
9779709753418
9779825799096
9779806118383
9779807945047
9779709247906
9779705988158
9779707681985
9779812124113
9779807800573
9779704549187
9779821749713
9779803693373
9779828430616
9779707366125
9779704570349
9779813494299
9779809714245
9779709007718
9779829286041
9779818293680
9779813325559
9779818509080
9779821800013
9779709433384
9779801090479
9779803390764
9779824070429
9779815032820
9779828086365
9779703045463
9779814878268
9779805253339
9779809917729
9779814169611
9779806658053
9779811855145
9779817516229
9779822061235
9779815412974
9779703670654
9779706169331
9779827929229
9779704548399
9779811953350
9779707680960
9779707212912
9779825106549
9779822886825
9779813934153
9779820598416
9779812607665
9779809161318
9779704773117
9779820789271
9779805701264
9779708558692
9779701041062
9779708079952
9779810988315
9779807875533